Runs; Iterations;Problem;ants;BestSequence;RouteDistance;Time;

1;15;1;1024;0;8454.35346;0.22184; 
2;15;1;1024;0;8643.98459;0.18043; 
3;15;1;1024;0;8740.89349;0.17546; 
4;15;1;1024;0;8686.13680;0.17821; 
5;15;1;1024;0;8794.25875;0.17280; 
6;15;1;1024;0;8764.89456;0.23364; 
7;15;1;1024;0;8232.94740;0.17631; 
8;15;1;1024;0;8220.94387;0.18369; 
9;15;1;1024;0;9007.68648;0.17421; 
10;15;1;1024;0;8488.31410;0.17775; 
11;15;1;1024;0;8435.22692;0.17793; 
12;15;1;1024;0;8332.20081;0.21806; 
13;15;1;1024;0;8417.40982;0.17496; 
14;15;1;1024;0;8968.64617;0.18024; 
15;15;1;1024;0;7866.65664;0.17277; 
16;15;1;1024;0;7995.12783;0.17783; 
17;15;1;1024;0;8023.60130;0.20211; 
18;15;1;1024;0;8708.67577;0.22288; 
19;15;1;1024;0;8643.60626;0.17548; 
20;15;1;1024;0;8761.37159;0.17785; 
21;15;1;1024;0;8650.24018;0.17317; 
22;15;1;1024;0;8763.39641;0.17451; 
23;15;1;1024;0;9137.65735;0.21554; 
24;15;1;1024;0;8470.77683;0.17430; 
25;15;1;1024;0;8852.37668;0.17231; 
26;15;1;1024;0;8331.55393;0.18244; 
27;15;1;1024;0;9025.79705;0.18202; 
28;15;1;1024;0;8702.47147;0.17516; 
29;15;1;1024;0;8711.51990;0.21615; 
30;15;1;1024;0;8818.94403;0.17411; 
1;15;1;2048;0;8482.61076;0.18140; 
2;15;1;2048;0;8500.94695;0.18006; 
3;15;1;2048;0;8891.26623;0.17609; 
4;15;1;2048;0;8463.27622;0.20817; 
5;15;1;2048;0;7805.48948;0.21426; 
6;15;1;2048;0;8344.25827;0.18525; 
7;15;1;2048;0;8551.28355;0.17553; 
8;15;1;2048;0;8557.84152;0.18467; 
9;15;1;2048;0;8089.44057;0.18073; 
10;15;1;2048;0;8504.70186;0.25565; 
11;15;1;2048;0;8544.33551;0.19073; 
12;15;1;2048;0;8662.46363;0.17635; 
13;15;1;2048;0;8235.60349;0.18229; 
14;15;1;2048;0;8780.82904;0.18143; 
15;15;1;2048;0;8462.60281;0.17874; 
16;15;1;2048;0;8394.77306;0.22493; 
17;15;1;2048;0;8850.63261;0.17487; 
18;15;1;2048;0;8095.08583;0.18097; 
19;15;1;2048;0;8821.61621;0.18376; 
20;15;1;2048;0;8140.74640;0.17602; 
21;15;1;2048;0;8435.74031;0.23992; 
22;15;1;2048;0;8711.08064;0.18614; 
23;15;1;2048;0;8238.60705;0.18130; 
24;15;1;2048;0;8223.91233;0.17613; 
25;15;1;2048;0;8515.71332;0.18258; 
26;15;1;2048;0;8130.73532;0.18115; 
27;15;1;2048;0;7265.87706;0.21228; 
28;15;1;2048;0;8237.44062;0.16954; 
29;15;1;2048;0;8289.83480;0.17872; 
30;15;1;2048;0;8057.12092;0.18029; 
1;15;1;4096;0;7931.91827;0.18532; 
2;15;1;4096;0;8270.86120;0.19143; 
3;15;1;4096;0;8392.10292;0.22946; 
4;15;1;4096;0;8311.51371;0.18273; 
5;15;1;4096;0;7820.52347;0.18595; 
6;15;1;4096;0;8508.06125;0.18217; 
7;15;1;4096;0;8122.05938;0.18347; 
8;15;1;4096;0;8440.85930;0.22338; 
9;15;1;4096;0;8123.64323;0.19038; 
10;15;1;4096;0;8628.81353;0.19009; 
11;15;1;4096;0;7560.85392;0.18469; 
12;15;1;4096;0;8300.90569;0.17901; 
13;15;1;4096;0;8257.36873;0.18401; 
14;15;1;4096;0;8028.34687;0.19300; 
15;15;1;4096;0;8320.48218;0.18350; 
16;15;1;4096;0;8377.46092;0.18672; 
17;15;1;4096;0;8460.92836;0.18497; 
18;15;1;4096;0;8486.34670;0.17929; 
19;15;1;4096;0;8212.12004;0.24455; 
20;15;1;4096;0;8305.74068;0.18491; 
21;15;1;4096;0;8173.38257;0.18671; 
22;15;1;4096;0;8730.40157;0.18680; 
23;15;1;4096;0;8160.66241;0.18440; 
24;15;1;4096;0;7742.86960;0.18338; 
25;15;1;4096;0;8588.97015;0.18477; 
26;15;1;4096;0;8599.33868;0.18546; 
27;15;1;4096;0;8526.14781;0.18351; 
28;15;1;4096;0;8184.81505;0.18948; 
29;15;1;4096;0;8132.02781;0.24918; 
30;15;1;4096;0;8270.17489;0.18751; 
1;15;1;8192;0;8165.17937;0.20852; 
2;15;1;8192;0;7704.69721;0.20257; 
3;15;1;8192;0;7860.14851;0.18756; 
4;15;1;8192;0;7994.17135;0.23994; 
5;15;1;8192;0;8220.44312;0.18806; 
6;15;1;8192;0;8249.05598;0.18752; 
7;15;1;8192;0;7871.09006;0.19037; 
8;15;1;8192;0;8015.91412;0.18616; 
9;15;1;8192;0;8175.54330;0.19194; 
10;15;1;8192;0;7833.29053;0.25277; 
11;15;1;8192;0;8254.96566;0.19102; 
12;15;1;8192;0;8191.29362;0.19265; 
13;15;1;8192;0;8397.02305;0.18947; 
14;15;1;8192;0;7393.87533;0.19243; 
15;15;1;8192;0;8435.08060;0.22323; 
16;15;1;8192;0;8229.70397;0.22999; 
17;15;1;8192;0;7843.35950;0.19070; 
18;15;1;8192;0;8107.35421;0.20128; 
19;15;1;8192;0;8188.29589;0.18794; 
20;15;1;8192;0;7906.48613;0.19237; 
21;15;1;8192;0;8017.49670;0.23137; 
22;15;1;8192;0;8051.72680;0.18549; 
23;15;1;8192;0;8320.04794;0.18710; 
24;15;1;8192;0;8415.75656;0.18686; 
25;15;1;8192;0;7832.61460;0.18450; 
26;15;1;8192;0;8265.06374;0.21221; 
27;15;1;8192;0;8374.71353;0.19376; 
28;15;1;8192;0;8474.00092;0.18932; 
29;15;1;8192;0;7994.37461;0.18453; 
30;15;1;8192;0;8245.51973;0.18821; 
1;15;3;1024;0;15903.79727;0.77376; 
2;15;3;1024;0;16071.14983;0.76549; 
3;15;3;1024;0;15519.68227;0.77046; 
4;15;3;1024;0;16064.29015;0.80394; 
5;15;3;1024;0;15931.61782;0.77855; 
6;15;3;1024;0;15598.91722;0.76790; 
7;15;3;1024;0;15888.63250;0.78107; 
8;15;3;1024;0;15367.64563;0.77113; 
9;15;3;1024;0;16260.07610;0.77264; 
10;15;3;1024;0;15572.24726;0.83578; 
11;15;3;1024;0;15909.99708;0.77195; 
12;15;3;1024;0;15767.68872;0.84177; 
13;15;3;1024;0;15156.25911;0.76979; 
14;15;3;1024;0;15430.61034;0.83031; 
15;15;3;1024;0;15758.91624;0.77215; 
16;15;3;1024;0;15761.44144;0.81052; 
17;15;3;1024;0;15843.16533;0.77106; 
18;15;3;1024;0;16044.15592;0.81104; 
19;15;3;1024;0;15449.52106;0.77222; 
20;15;3;1024;0;15933.20454;0.76838; 
21;15;3;1024;0;15837.65188;0.76604; 
22;15;3;1024;0;15749.45011;0.76993; 
23;15;3;1024;0;15925.84754;0.77487; 
24;15;3;1024;0;16092.67549;0.76491; 
25;15;3;1024;0;15794.18647;0.76883; 
26;15;3;1024;0;15639.13669;0.76443; 
27;15;3;1024;0;15797.21866;0.77178; 
28;15;3;1024;0;15339.87207;0.77032; 
29;15;3;1024;0;15948.53909;0.80743; 
30;15;3;1024;0;15622.39885;0.77155; 
1;15;3;2048;0;15606.37348;0.82667; 
2;15;3;2048;0;15452.00224;0.77701; 
3;15;3;2048;0;15564.39046;0.81940; 
4;15;3;2048;0;15599.13449;0.77513; 
5;15;3;2048;0;15564.65302;0.84177; 
6;15;3;2048;0;15771.29820;0.78291; 
7;15;3;2048;0;15468.64499;0.84162; 
8;15;3;2048;0;15520.53145;0.77613; 
9;15;3;2048;0;15694.25671;0.83803; 
10;15;3;2048;0;15611.95856;0.77625; 
11;15;3;2048;0;15346.81483;0.84815; 
12;15;3;2048;0;15845.34773;0.78191; 
13;15;3;2048;0;15464.31457;0.81822; 
14;15;3;2048;0;15802.00818;0.78098; 
15;15;3;2048;0;15803.56554;0.81112; 
16;15;3;2048;0;15740.79299;0.78189; 
17;15;3;2048;0;15898.29886;0.79691; 
18;15;3;2048;0;15348.28510;0.78384; 
19;15;3;2048;0;15725.63954;0.77346; 
20;15;3;2048;0;15610.63762;0.78002; 
21;15;3;2048;0;15723.98217;0.79512; 
22;15;3;2048;0;15619.98835;0.77638; 
23;15;3;2048;0;15600.80663;0.78278; 
24;15;3;2048;0;15905.86616;0.80782; 
25;15;3;2048;0;15691.58177;0.77773; 
26;15;3;2048;0;15538.80009;0.78680; 
27;15;3;2048;0;15463.61950;0.78436; 
28;15;3;2048;0;15661.92580;0.78293; 
29;15;3;2048;0;15741.63716;0.78388; 
30;15;3;2048;0;15482.00378;0.81822; 
1;15;3;4096;0;15562.06338;0.91750; 
2;15;3;4096;0;15658.95289;0.98779; 
3;15;3;4096;0;15623.10049;0.92112; 
4;15;3;4096;0;15233.96035;0.91786; 
5;15;3;4096;0;15245.91727;0.92146; 
6;15;3;4096;0;15576.20457;0.93087; 
7;15;3;4096;0;15698.75781;0.95803; 
8;15;3;4096;0;15398.15380;0.91876; 
9;15;3;4096;0;15728.13467;0.99259; 
10;15;3;4096;0;15917.10251;0.91626; 
11;15;3;4096;0;15723.56532;0.97068; 
12;15;3;4096;0;15719.83172;0.92342; 
13;15;3;4096;0;15513.39424;0.91837; 
14;15;3;4096;0;15730.36037;0.91953; 
15;15;3;4096;0;15511.79699;0.91843; 
16;15;3;4096;0;15447.47943;0.94812; 
17;15;3;4096;0;14819.07189;0.92210; 
18;15;3;4096;0;15579.53358;0.98345; 
19;15;3;4096;0;15610.76279;0.92301; 
20;15;3;4096;0;15601.47447;0.98239; 
21;15;3;4096;0;15672.59954;0.91528; 
22;15;3;4096;0;15399.67241;0.95346; 
23;15;3;4096;0;15600.37740;0.92306; 
24;15;3;4096;0;15419.91420;0.91656; 
25;15;3;4096;0;15623.08028;0.91950; 
26;15;3;4096;0;15413.68158;0.91795; 
27;15;3;4096;0;15442.31897;0.95149; 
28;15;3;4096;0;15559.69279;0.92068; 
29;15;3;4096;0;15474.20036;0.99541; 
30;15;3;4096;0;15861.09827;0.93733; 
1;15;3;8192;0;15788.34605;1.72310; 
2;15;3;8192;0;15505.05874;1.77802; 
3;15;3;8192;0;15274.66646;1.83267; 
4;15;3;8192;0;15183.61970;1.80628; 
5;15;3;8192;0;15600.89998;1.74678; 
6;15;3;8192;0;15392.18336;1.80883; 
7;15;3;8192;0;15581.81976;1.77676; 
8;15;3;8192;0;15591.79854;1.75718; 
9;15;3;8192;0;15295.48128;1.74288; 
10;15;3;8192;0;15224.07459;1.77559; 
11;15;3;8192;0;15786.93095;1.78507; 
12;15;3;8192;0;15683.26224;1.77803; 
13;15;3;8192;0;15818.94060;1.77852; 
14;15;3;8192;0;15351.43943;1.80905; 
15;15;3;8192;0;15690.83627;1.79819; 
16;15;3;8192;0;14995.67329;1.78976; 
17;15;3;8192;0;15439.53696;1.80136; 
18;15;3;8192;0;15483.79273;1.81323; 
19;15;3;8192;0;15543.90424;1.83461; 
20;15;3;8192;0;15208.63623;1.76976; 
21;15;3;8192;0;15353.94065;1.81940; 
22;15;3;8192;0;15354.07756;1.80162; 
23;15;3;8192;0;15574.39714;1.78728; 
24;15;3;8192;0;15004.10778;1.78430; 
25;15;3;8192;0;15476.71895;1.80018; 
26;15;3;8192;0;15629.06711;1.77283; 
27;15;3;8192;0;15216.91818;1.79996; 
28;15;3;8192;0;15516.89918;1.79341; 
29;15;3;8192;0;15358.68793;1.79264; 
30;15;3;8192;0;15641.35151;1.80651; 
1;15;5;1024;0;23624.48118;0.87184; 
2;15;5;1024;0;23370.24348;0.84186; 
3;15;5;1024;0;23672.93386;0.86003; 
4;15;5;1024;0;23485.09664;0.84151; 
5;15;5;1024;0;23361.21702;0.90723; 
6;15;5;1024;0;23400.77003;0.83611; 
7;15;5;1024;0;23146.00679;0.86780; 
8;15;5;1024;0;23088.01575;0.84255; 
9;15;5;1024;0;23028.81610;0.87561; 
10;15;5;1024;0;23539.00442;0.84076; 
11;15;5;1024;0;23242.02436;0.91246; 
12;15;5;1024;0;23205.23838;0.84048; 
13;15;5;1024;0;23124.55811;0.87743; 
14;15;5;1024;0;23116.40411;0.83538; 
15;15;5;1024;0;23435.96243;0.84080; 
16;15;5;1024;0;22750.37743;0.83880; 
17;15;5;1024;0;23490.42994;0.87540; 
18;15;5;1024;0;23383.56264;0.84368; 
19;15;5;1024;0;23440.62495;0.84098; 
20;15;5;1024;0;23545.20088;0.83504; 
21;15;5;1024;0;23269.87448;0.88062; 
22;15;5;1024;0;23425.66755;0.83114; 
23;15;5;1024;0;23430.63335;0.84105; 
24;15;5;1024;0;23582.31266;0.84388; 
25;15;5;1024;0;23448.31025;0.84020; 
26;15;5;1024;0;23296.99619;0.83189; 
27;15;5;1024;0;22867.63950;0.84208; 
28;15;5;1024;0;23295.71074;0.82866; 
29;15;5;1024;0;23809.82164;0.83977; 
30;15;5;1024;0;23010.22330;0.84749; 
1;15;5;2048;0;23019.71309;0.85586; 
2;15;5;2048;0;23243.07210;0.84633; 
3;15;5;2048;0;23299.79937;0.84049; 
4;15;5;2048;0;23528.78407;0.84310; 
5;15;5;2048;0;23252.33012;0.84691; 
6;15;5;2048;0;23445.90361;0.84305; 
7;15;5;2048;0;23141.38058;0.84703; 
8;15;5;2048;0;23231.95901;0.84725; 
9;15;5;2048;0;22895.17611;0.84723; 
10;15;5;2048;0;23329.62291;0.84919; 
11;15;5;2048;0;23038.41948;0.83591; 
12;15;5;2048;0;23271.55885;0.87196; 
13;15;5;2048;0;23656.64120;0.84810; 
14;15;5;2048;0;23123.47039;0.88180; 
15;15;5;2048;0;23558.13469;0.83999; 
16;15;5;2048;0;23412.53927;0.87985; 
17;15;5;2048;0;23676.90552;0.84173; 
18;15;5;2048;0;23441.87037;0.91345; 
19;15;5;2048;0;23711.32749;0.85049; 
20;15;5;2048;0;23663.47333;0.90609; 
21;15;5;2048;0;23430.48483;0.83914; 
22;15;5;2048;0;23384.34078;0.90396; 
23;15;5;2048;0;23181.59968;0.84071; 
24;15;5;2048;0;23334.35137;0.90833; 
25;15;5;2048;0;23451.80618;0.84276; 
26;15;5;2048;0;23397.97966;0.83813; 
27;15;5;2048;0;23353.80167;0.86424; 
28;15;5;2048;0;23259.47917;0.91979; 
29;15;5;2048;0;23309.14021;0.83890; 
30;15;5;2048;0;23463.86489;0.89834; 
1;15;5;4096;0;23139.46006;0.97986; 
2;15;5;4096;0;23133.11552;0.98510; 
3;15;5;4096;0;22863.66448;0.98130; 
4;15;5;4096;0;23262.63996;0.98605; 
5;15;5;4096;0;22988.71910;1.03370; 
6;15;5;4096;0;23235.92064;0.98612; 
7;15;5;4096;0;22801.30579;0.98020; 
8;15;5;4096;0;23154.99223;0.97686; 
9;15;5;4096;0;22720.82946;0.97920; 
10;15;5;4096;0;22916.22928;1.01276; 
11;15;5;4096;0;22674.99036;0.98235; 
12;15;5;4096;0;22858.21243;1.04389; 
13;15;5;4096;0;23474.49871;1.00306; 
14;15;5;4096;0;23166.79015;0.97783; 
15;15;5;4096;0;23059.75015;1.00582; 
16;15;5;4096;0;22504.47836;0.98774; 
17;15;5;4096;0;22769.31886;1.04670; 
18;15;5;4096;0;23056.56412;0.98332; 
19;15;5;4096;0;23187.64832;0.97931; 
20;15;5;4096;0;23238.99928;0.99653; 
21;15;5;4096;0;23408.04971;1.01515; 
22;15;5;4096;0;23013.37716;1.05819; 
23;15;5;4096;0;23201.18403;1.00877; 
24;15;5;4096;0;23252.50069;1.02928; 
25;15;5;4096;0;23422.18881;0.98371; 
26;15;5;4096;0;23008.93699;0.98441; 
27;15;5;4096;0;23313.93243;1.05250; 
28;15;5;4096;0;23323.85504;0.98370; 
29;15;5;4096;0;23487.40974;0.98779; 
30;15;5;4096;0;22956.46635;1.00702; 
1;15;5;8192;0;22967.67779;1.78992; 
2;15;5;8192;0;22671.29690;1.79753; 
3;15;5;8192;0;23057.83398;1.78504; 
4;15;5;8192;0;22847.60127;1.79376; 
5;15;5;8192;0;23197.41412;1.79592; 
6;15;5;8192;0;23025.29037;1.78962; 
7;15;5;8192;0;22913.61277;1.78851; 
8;15;5;8192;0;22982.84691;1.78992; 
9;15;5;8192;0;23113.50462;1.79083; 
10;15;5;8192;0;23214.59540;1.80631; 
11;15;5;8192;0;23009.37776;1.79421; 
12;15;5;8192;0;23004.86699;1.85745; 
13;15;5;8192;0;23343.58599;1.79115; 
14;15;5;8192;0;23030.56099;1.81285; 
15;15;5;8192;0;23488.26971;1.78528; 
16;15;5;8192;0;23047.35374;1.80985; 
17;15;5;8192;0;23134.73548;1.80266; 
18;15;5;8192;0;23122.90424;1.81239; 
19;15;5;8192;0;23011.77347;1.79450; 
20;15;5;8192;0;22925.76175;1.79237; 
21;15;5;8192;0;22698.05874;1.78978; 
22;15;5;8192;0;23188.26679;1.79730; 
23;15;5;8192;0;23277.93530;1.80326; 
24;15;5;8192;0;23190.71429;1.84529; 
25;15;5;8192;0;22909.01479;1.83753; 
26;15;5;8192;0;22593.95029;1.79939; 
27;15;5;8192;0;23340.79402;1.81663; 
28;15;5;8192;0;22324.68136;1.83038; 
29;15;5;8192;0;22822.57356;1.80563; 
30;15;5;8192;0;22908.65170;1.81034; 
1;15;6;1024;0;111575.51365;47.64250; 
2;15;6;1024;0;110956.81851;47.41828; 
3;15;6;1024;0;109801.30110;47.58322; 
4;15;6;1024;0;110973.77388;47.27917; 
5;15;6;1024;0;109001.78927;47.29327; 
6;15;6;1024;0;110966.38938;47.37830; 
7;15;6;1024;0;110387.61389;47.45064; 
8;15;6;1024;0;110352.44911;47.52341; 
9;15;6;1024;0;110813.98344;47.39682; 
10;15;6;1024;0;110758.89531;47.45627; 
11;15;6;1024;0;112159.26708;47.16137; 
12;15;6;1024;0;111459.96569;47.39213; 
13;15;6;1024;0;111103.87899;47.36000; 
14;15;6;1024;0;110914.51991;47.62530; 
15;15;6;1024;0;108661.36755;47.39805; 
16;15;6;1024;0;111247.99495;47.32758; 
17;15;6;1024;0;111138.85642;47.33734; 
18;15;6;1024;0;111646.12476;47.29592; 
19;15;6;1024;0;109959.37928;47.35038; 
20;15;6;1024;0;110337.45868;47.37490; 
21;15;6;1024;0;110826.38177;47.39180; 
22;15;6;1024;0;109891.94974;47.47983; 
23;15;6;1024;0;110735.09485;47.30658; 
24;15;6;1024;0;109483.04020;47.42566; 
25;15;6;1024;0;111322.09818;47.42012; 
26;15;6;1024;0;110719.75052;47.39426; 
27;15;6;1024;0;110055.07962;47.34226; 
28;15;6;1024;0;111337.58752;47.43753; 
29;15;6;1024;0;107239.36961;47.35601; 
30;15;6;1024;0;110202.11982;47.40903; 
1;15;6;2048;0;115827.09595;51.56880; 
2;15;6;2048;0;114442.71083;51.37594; 
3;15;6;2048;0;114661.06967;51.49363; 
4;15;6;2048;0;114414.91949;51.57953; 
5;15;6;2048;0;116040.65384;51.50488; 
6;15;6;2048;0;114655.87621;51.67723; 
7;15;6;2048;0;113472.12874;51.56018; 
8;15;6;2048;0;114956.21047;51.52933; 
9;15;6;2048;0;115723.48691;51.38657; 
10;15;6;2048;0;113802.91167;51.49490; 
11;15;6;2048;0;115297.21922;51.44255; 
12;15;6;2048;0;114128.11209;51.43786; 
13;15;6;2048;0;115152.49385;51.47253; 
14;15;6;2048;0;113586.47062;51.46653; 
15;15;6;2048;0;114856.55947;51.76967; 
16;15;6;2048;0;115003.88433;51.55521; 
17;15;6;2048;0;115545.53572;51.53913; 
18;15;6;2048;0;114960.03227;51.66393; 
19;15;6;2048;0;114549.44241;51.49599; 
20;15;6;2048;0;115883.28655;51.57244; 
21;15;6;2048;0;114443.90434;51.43970; 
22;15;6;2048;0;113640.82316;51.54383; 
23;15;6;2048;0;114576.88213;51.60287; 
24;15;6;2048;0;115375.99228;51.38524; 
25;15;6;2048;0;114722.51119;51.61888; 
26;15;6;2048;0;115351.88105;51.56077; 
27;15;6;2048;0;113639.40101;51.71525; 
28;15;6;2048;0;114666.62273;51.57197; 
29;15;6;2048;0;115127.79656;51.37960; 
30;15;6;2048;0;115068.85159;51.52899; 
1;15;6;4096;0;115817.78565;91.90152; 
2;15;6;4096;0;116578.93171;91.79744; 
3;15;6;4096;0;116377.46910;91.87817; 
4;15;6;4096;0;116918.56780;92.02580; 
5;15;6;4096;0;115965.29618;92.06607; 
6;15;6;4096;0;115268.88763;91.97922; 
7;15;6;4096;0;115957.56945;92.02646; 
8;15;6;4096;0;117401.03022;92.10741; 
9;15;6;4096;0;116635.41429;92.08791; 
10;15;6;4096;0;114998.15262;92.13897; 
11;15;6;4096;0;117550.72975;92.03869; 
12;15;6;4096;0;114442.57798;92.04469; 
13;15;6;4096;0;115912.86909;92.04514; 
14;15;6;4096;0;116636.30759;92.02021; 
15;15;6;4096;0;115976.93064;91.99119; 
16;15;6;4096;0;115625.50620;92.03505; 
17;15;6;4096;0;116081.75532;92.13934; 
18;15;6;4096;0;117253.05795;92.07788; 
19;15;6;4096;0;114723.83805;92.06279; 
20;15;6;4096;0;116714.97969;92.13100; 
21;15;6;4096;0;116914.97761;91.95436; 
22;15;6;4096;0;117664.85531;92.18451; 
23;15;6;4096;0;115580.92126;92.17479; 
24;15;6;4096;0;117374.60960;92.07392; 
25;15;6;4096;0;117147.77814;92.07564; 
26;15;6;4096;0;116578.83333;92.16373; 
27;15;6;4096;0;116647.23618;92.08410; 
28;15;6;4096;0;116685.94749;91.92483; 
29;15;6;4096;0;117299.58359;91.92877; 
30;15;6;4096;0;115563.81844;92.06667; 
1;15;6;8192;0;116338.46293;197.05598; 
2;15;6;8192;0;117061.19418;197.09365; 
3;15;6;8192;0;115317.43176;196.93741; 
4;15;6;8192;0;117084.54530;196.83922; 
5;15;6;8192;
6;15;6;8192;0;116897.51848;197.02376; 
7;15;6;8192;0;115738.05170;197.07648; 
8;15;6;8192;0;115450.88781;197.10938; 
9;15;6;8192;0;117037.99532;196.86248; 
10;15;6;8192;0;118013.73084;196.95923; 
11;15;6;8192;0;116129.62488;196.94184; 
12;15;6;8192;0;117609.15742;196.91233; 
13;15;6;8192;0;117459.00892;196.97136; 
14;15;6;8192;0;116820.37850;197.01211; 
15;15;6;8192;0;117932.65360;197.14162; 
16;15;6;8192;0;117793.25003;196.99437; 
17;15;6;8192;0;116132.90127;197.06427; 
18;15;6;8192;0;117453.00612;197.10333; 
19;15;6;8192;0;117699.67321;196.82128; 
20;15;6;8192;0;116699.87600;196.97228; 
21;15;6;8192;0;116693.71077;196.88535; 
22;15;6;8192;0;115997.88148;196.94015; 
23;15;6;8192;0;116863.48564;197.03716; 
24;15;6;8192;0;117241.10856;197.02896; 
25;15;6;8192;0;115480.46494;197.21048; 
26;15;6;8192;0;116150.28214;196.94890; 
27;15;6;8192;0;116294.05932;196.91965; 
28;15;6;8192;0;117205.48219;196.96806; 
29;15;6;8192;0;117299.06814;197.00495; 
30;15;6;8192;0;116753.34056;197.08777; 
1;15;7;1024;0;70624.27251;2.14698; 
2;15;7;1024;0;69167.85373;2.10573; 
3;15;7;1024;0;70881.36979;2.12914; 
4;15;7;1024;0;66710.15091;2.13548; 
5;15;7;1024;0;70598.12798;2.09811; 
6;15;7;1024;0;70199.16559;2.10924; 
7;15;7;1024;0;70539.13195;2.10713; 
8;15;7;1024;0;69706.02792;2.09711; 
9;15;7;1024;0;70288.29921;2.10629; 
10;15;7;1024;0;70431.91934;2.12271; 
11;15;7;1024;0;71111.29875;2.13390; 
12;15;7;1024;0;70265.39227;2.11758; 
13;15;7;1024;0;70973.59423;2.08369; 
14;15;7;1024;0;68741.05600;2.08878; 
15;15;7;1024;0;70012.62766;2.06998; 
16;15;7;1024;0;71152.72521;2.08222; 
17;15;7;1024;0;71503.39694;2.08680; 
18;15;7;1024;0;70646.05521;2.13036; 
19;15;7;1024;0;71056.98110;2.09272; 
20;15;7;1024;0;71394.18897;2.09021; 
21;15;7;1024;0;71703.79432;2.09170; 
22;15;7;1024;0;68835.00720;2.08519; 
23;15;7;1024;0;69932.31476;2.08511; 
24;15;7;1024;0;70968.56882;2.08352; 
25;15;7;1024;0;70973.78063;2.11527; 
26;15;7;1024;0;69811.17803;2.12037; 
27;15;7;1024;0;68789.59047;2.08947; 
28;15;7;1024;0;70521.84431;2.09226; 
29;15;7;1024;0;71411.38291;2.13981; 
30;15;7;1024;0;70834.20130;2.06129; 
1;15;7;2048;0;72874.83514;2.08702; 
2;15;7;2048;0;73041.60585;2.09320; 
3;15;7;2048;0;72738.65621;2.13490; 
4;15;7;2048;0;72593.01751;2.14965; 
5;15;7;2048;0;72403.39608;2.09070; 
6;15;7;2048;0;72711.46616;2.08028; 
7;15;7;2048;0;71707.22430;2.09185; 
8;15;7;2048;0;70935.57803;2.08425; 
9;15;7;2048;0;70311.20914;2.07956; 
10;15;7;2048;0;71884.32026;2.12984; 
11;15;7;2048;0;71453.48550;2.11929; 
12;15;7;2048;0;71126.05067;2.12446; 
13;15;7;2048;0;71317.30991;2.08083; 
14;15;7;2048;0;72493.43169;2.08785; 
15;15;7;2048;0;70739.73941;2.07438; 
16;15;7;2048;0;71984.17553;2.09024; 
17;15;7;2048;0;71043.51439;2.11435; 
18;15;7;2048;0;72272.21964;2.12810; 
19;15;7;2048;0;71416.16208;2.08843; 
20;15;7;2048;0;72889.13396;2.08334; 
21;15;7;2048;0;72693.92485;2.08647; 
22;15;7;2048;0;72850.65988;2.07685; 
23;15;7;2048;0;72162.42281;2.08578; 
24;15;7;2048;0;70978.30386;2.08269; 
25;15;7;2048;0;71587.94397;2.13669; 
26;15;7;2048;0;72593.14358;2.13268; 
27;15;7;2048;0;71823.08921;2.08898; 
28;15;7;2048;0;71038.74555;2.08444; 
29;15;7;2048;0;70720.28983;2.08487; 
30;15;7;2048;0;72172.61141;2.08288; 
1;15;7;4096;0;73509.64988;2.67319; 
2;15;7;4096;0;72397.48510;2.65237; 
3;15;7;4096;0;72343.62455;2.66997; 
4;15;7;4096;0;72861.34753;2.71433; 
5;15;7;4096;0;71003.52425;2.64844; 
6;15;7;4096;0;71776.14644;2.68884; 
7;15;7;4096;0;72332.78194;2.64266; 
8;15;7;4096;0;71170.27352;2.63897; 
9;15;7;4096;0;71736.33532;2.68280; 
10;15;7;4096;0;71643.69921;2.64984; 
11;15;7;4096;0;73122.86382;2.68386; 
12;15;7;4096;0;72194.69790;2.64792; 
13;15;7;4096;0;70737.54921;2.64897; 
14;15;7;4096;0;72119.94925;2.64828; 
15;15;7;4096;0;71789.66866;2.64263; 
16;15;7;4096;0;72467.19391;2.72135; 
17;15;7;4096;0;72380.07119;2.64539; 
18;15;7;4096;0;72369.94284;2.67396; 
19;15;7;4096;0;72376.76649;2.64831; 
20;15;7;4096;0;71960.71067;2.64357; 
21;15;7;4096;0;73365.15543;2.65452; 
22;15;7;4096;0;72216.20201;2.64955; 
23;15;7;4096;0;72838.56540;2.70795; 
24;15;7;4096;0;71541.65821;2.64194; 
25;15;7;4096;0;72553.35664;2.67719; 
26;15;7;4096;0;68866.74848;2.64025; 
27;15;7;4096;0;68414.61976;2.71994; 
28;15;7;4096;0;72293.37159;2.64371; 
29;15;7;4096;0;73827.30192;2.68909; 
30;15;7;4096;0;73331.77334;2.64874; 
1;15;7;8192;0;70427.57755;6.24748; 
2;15;7;8192;0;71758.96130;6.29777; 
3;15;7;8192;0;72816.53373;6.27763; 
4;15;7;8192;0;72922.04370;6.22805; 
5;15;7;8192;0;73528.02742;6.25045; 
6;15;7;8192;0;70727.54807;6.23027; 
7;15;7;8192;0;71705.58847;6.29030; 
8;15;7;8192;0;72158.18482;6.25377; 
9;15;7;8192;0;71880.49348;6.24740; 
10;15;7;8192;0;72338.03818;6.24526; 
11;15;7;8192;0;73308.61767;6.31444; 
12;15;7;8192;0;72865.03065;6.27813; 
13;15;7;8192;0;72662.62666;6.23694; 
14;15;7;8192;0;72247.56921;6.24145; 
15;15;7;8192;0;72691.58160;6.22582; 
16;15;7;8192;0;73196.93612;6.30897; 
17;15;7;8192;0;72760.07980;6.30535; 
18;15;7;8192;0;72537.35024;6.23398; 
19;15;7;8192;0;72136.89705;6.23892; 
20;15;7;8192;0;71477.39680;6.23981; 
21;15;7;8192;0;72746.78716;6.32825; 
22;15;7;8192;0;72875.87993;6.27677; 
23;15;7;8192;0;72619.63712;6.24015; 
24;15;7;8192;0;72712.20095;6.24215; 
25;15;7;8192;0;71285.70775;6.26898; 
26;15;7;8192;0;72372.87639;6.24943; 
27;15;7;8192;0;71254.24630;6.24002; 
28;15;7;8192;0;68782.37069;6.23379; 
29;15;7;8192;0;71783.53632;6.25397; 
30;15;7;8192;0;72579.65887;6.30709; 
1;15;8;1024;0;98273.59537;3.54370; 
2;15;8;1024;0;99778.23989;3.53866; 
3;15;8;1024;0;99616.08163;3.52317; 
4;15;8;1024;0;99894.02606;3.44840; 
5;15;8;1024;0;98957.71534;3.46369; 
6;15;8;1024;0;99674.73189;3.48403; 
7;15;8;1024;0;98992.53552;3.46038; 
8;15;8;1024;0;99887.72802;3.53728; 
9;15;8;1024;0;98076.71676;3.49358; 
10;15;8;1024;0;98558.50993;3.43711; 
11;15;8;1024;0;96043.49007;3.44873; 
12;15;8;1024;0;99459.10093;3.44228; 
13;15;8;1024;0;100361.41667;3.44572; 
14;15;8;1024;0;98991.01554;3.47988; 
15;15;8;1024;0;99389.26919;3.48866; 
16;15;8;1024;0;97378.52274;3.43746; 
17;15;8;1024;0;100284.29962;3.43795; 
18;15;8;1024;0;96949.42137;3.45116; 
19;15;8;1024;0;99907.49330;3.43132; 
20;15;8;1024;0;98054.31292;3.48616; 
21;15;8;1024;0;98500.96270;3.43592; 
22;15;8;1024;0;98683.70043;3.47946; 
23;15;8;1024;0;98865.21044;3.41738; 
24;15;8;1024;0;97124.67865;3.45433; 
25;15;8;1024;0;98907.02743;3.48405; 
26;15;8;1024;0;98020.40676;3.44051; 
27;15;8;1024;0;99465.93416;3.40401; 
28;15;8;1024;0;100277.00542;3.40662; 
29;15;8;1024;0;98486.06229;3.42352; 
30;15;8;1024;0;99556.82989;3.49718; 
1;15;8;2048;0;101670.93404;3.48599; 
2;15;8;2048;0;103045.52214;3.45746; 
3;15;8;2048;0;101222.56260;3.45679; 
4;15;8;2048;0;101144.25587;3.45022; 
5;15;8;2048;0;101697.13340;3.52767; 
6;15;8;2048;0;101463.81202;3.48999; 
7;15;8;2048;0;102047.16140;3.46682; 
8;15;8;2048;0;101960.90445;3.45467; 
9;15;8;2048;0;102909.38763;3.45271; 
10;15;8;2048;0;101741.25330;3.47659; 
11;15;8;2048;0;101089.39724;3.49426; 
12;15;8;2048;0;101081.15319;3.45845; 
13;15;8;2048;0;101587.79172;3.45774; 
14;15;8;2048;0;101539.94752;3.45580; 
15;15;8;2048;0;101915.29465;3.46043; 
16;15;8;2048;0;102845.74804;3.45150; 
17;15;8;2048;0;101172.45569;3.52989; 
18;15;8;2048;0;101676.77212;3.49933; 
19;15;8;2048;0;102494.46216;3.45721; 
20;15;8;2048;0;102330.32549;3.45706; 
21;15;8;2048;0;100939.86647;3.46864; 
22;15;8;2048;0;102055.61213;3.45879; 
23;15;8;2048;0;102866.84165;3.53586; 
24;15;8;2048;0;101879.79788;3.48344; 
25;15;8;2048;0;101012.75165;3.45742; 
26;15;8;2048;0;101895.97545;3.44863; 
27;15;8;2048;0;101732.63167;3.46135; 
28;15;8;2048;0;101027.52921;3.46017; 
29;15;8;2048;0;101810.12630;3.49573; 
30;15;8;2048;0;101940.39733;3.49619; 
1;15;8;4096;0;103228.61099;4.95280; 
2;15;8;4096;0;101294.04052;4.92301; 
3;15;8;4096;0;102760.52638;4.95489; 
4;15;8;4096;0;103988.14954;4.93053; 
5;15;8;4096;0;102778.22293;4.96187; 
6;15;8;4096;0;101601.60505;4.93930; 
7;15;8;4096;0;102180.01171;4.94415; 
8;15;8;4096;0;103294.42779;4.98892; 
9;15;8;4096;0;103420.57238;4.95246; 
10;15;8;4096;0;103514.99881;4.98686; 
11;15;8;4096;0;102472.60958;4.95510; 
12;15;8;4096;0;101973.65945;4.94824; 
13;15;8;4096;0;100865.81591;5.01996; 
14;15;8;4096;0;103336.72974;4.94922; 
15;15;8;4096;0;101517.45746;4.94417; 
16;15;8;4096;0;103206.32670;4.94934; 
17;15;8;4096;0;102943.40193;4.95170; 
18;15;8;4096;0;99065.49156;5.02486; 
19;15;8;4096;0;102661.95170;4.94344; 
20;15;8;4096;0;103371.94248;4.99262; 
21;15;8;4096;0;103858.69688;4.95494; 
22;15;8;4096;0;100453.57317;4.95583; 
23;15;8;4096;0;102702.66894;4.97947; 
24;15;8;4096;0;103769.65515;4.94985; 
25;15;8;4096;0;100680.66610;4.97813; 
26;15;8;4096;0;103047.40518;4.94798; 
27;15;8;4096;0;102985.07626;5.01084; 
28;15;8;4096;0;102697.14688;4.95152; 
29;15;8;4096;0;102314.54681;4.95072; 
30;15;8;4096;0;101760.39173;4.94030; 
1;15;8;8192;0;102159.24109;14.21343; 
2;15;8;8192;0;101694.23091;14.22145; 
3;15;8;8192;0;103329.79065;14.20502; 
4;15;8;8192;0;100852.33304;14.22520; 
5;15;8;8192;0;102571.00192;14.28970; 
6;15;8;8192;0;101918.59000;14.22223; 
7;15;8;8192;0;102567.77844;14.20929; 
8;15;8;8192;0;103400.80048;14.20051; 
9;15;8;8192;0;102376.97731;14.23140; 
10;15;8;8192;0;101816.84167;14.21621; 
11;15;8;8192;0;103136.30368;14.21816; 
12;15;8;8192;0;102700.31520;14.21219; 
13;15;8;8192;0;103513.44180;14.19947; 
14;15;8;8192;0;102489.11546;14.23578; 
15;15;8;8192;0;103218.32251;14.26088; 
16;15;8;8192;0;103206.49394;14.19133; 
17;15;8;8192;0;102944.28159;14.20023; 
18;15;8;8192;0;103263.67871;14.20136; 
19;15;8;8192;0;102824.26772;14.21316; 
20;15;8;8192;0;99892.22672;14.25098; 
21;15;8;8192;0;101774.68024;14.24813; 
22;15;8;8192;0;103592.34425;14.20948; 
23;15;8;8192;0;102670.10772;14.19926; 
24;15;8;8192;0;99614.03558;14.22566; 
25;15;8;8192;0;101252.10450;14.28620; 
26;15;8;8192;0;103189.66064;14.22050; 
27;15;8;8192;0;102805.85482;14.20842; 
28;15;8;8192;0;102006.81279;14.19669; 
29;15;8;8192;0;101662.52262;14.21490; 
30;15;8;8192;0;103705.43628;14.29231; 
1;15;9;1024;0;115969.46023;34.57061; 
2;15;9;1024;0;115811.69605;34.61393; 
3;15;9;1024;0;117620.92219;34.50675; 
4;15;9;1024;0;117157.01232;34.06372; 
5;15;9;1024;0;117742.22560;34.02278; 
6;15;9;1024;0;118098.46323;34.18904; 
7;15;9;1024;0;117302.08860;34.30686; 
8;15;9;1024;0;115515.70290;34.15479; 
9;15;9;1024;0;117674.25397;34.22880; 
10;15;9;1024;0;116386.54903;34.04846; 
11;15;9;1024;0;117360.30399;34.07008; 
12;15;9;1024;0;117557.01548;34.16821; 
13;15;9;1024;0;116337.68565;34.13915; 
14;15;9;1024;0;118234.85846;34.22018; 
15;15;9;1024;0;118036.59543;34.13404; 
16;15;9;1024;0;117693.53430;34.17923; 
17;15;9;1024;0;115932.86769;34.20836; 
18;15;9;1024;0;118009.43630;34.12967; 
19;15;9;1024;0;117065.62548;34.23965; 
20;15;9;1024;0;117633.60972;34.17794; 
21;15;9;1024;0;117660.06160;34.12041; 
22;15;9;1024;0;117491.78500;34.10936; 
23;15;9;1024;0;117639.21612;34.18066; 
24;15;9;1024;0;117611.33915;34.24164; 
25;15;9;1024;0;117043.43608;34.27195; 
26;15;9;1024;0;115919.43867;34.10076; 
27;15;9;1024;0;117233.33414;34.09040; 
28;15;9;1024;0;116713.44077;34.30436; 
29;15;9;1024;0;116855.41180;34.08686; 
30;15;9;1024;0;117432.40082;34.15002; 
1;15;9;2048;0;120108.51260;39.97182; 
2;15;9;2048;0;120051.61444;39.97774; 
3;15;9;2048;0;121985.27591;40.02703; 
4;15;9;2048;0;121800.29935;40.30629; 
5;15;9;2048;0;121379.35602;40.35724; 
6;15;9;2048;0;120578.81971;40.17317; 
7;15;9;2048;0;121911.08097;40.20717; 
8;15;9;2048;0;122372.79453;40.12730; 
9;15;9;2048;0;120206.33532;40.18973; 
10;15;9;2048;0;121562.00691;40.15068; 
11;15;9;2048;0;121125.49383;40.32224; 
12;15;9;2048;0;121981.57342;40.34831; 
13;15;9;2048;0;120583.61974;40.20034; 
14;15;9;2048;0;122368.67515;40.32608; 
15;15;9;2048;0;120079.44027;40.32900; 
16;15;9;2048;0;121695.85719;40.28715; 
17;15;9;2048;0;122075.38734;40.20863; 
18;15;9;2048;0;121794.85498;40.22635; 
19;15;9;2048;0;121238.51602;40.13399; 
20;15;9;2048;0;120472.83124;40.28534; 
21;15;9;2048;0;121507.77513;40.24297; 
22;15;9;2048;0;121505.39449;40.20228; 
23;15;9;2048;0;121283.57081;40.27445; 
24;15;9;2048;0;120253.85287;40.46863; 
25;15;9;2048;0;121377.46002;40.26285; 
26;15;9;2048;0;121298.47661;40.21956; 
27;15;9;2048;0;121965.80540;40.22214; 
28;15;9;2048;0;121738.11567;40.32944; 
29;15;9;2048;0;122026.82431;40.21092; 
30;15;9;2048;0;123074.80860;40.29930; 
1;15;9;4096;0;122465.50237;72.37281; 
2;15;9;4096;0;123719.05982;72.39358; 
3;15;9;4096;0;122602.42855;72.34007; 
4;15;9;4096;0;123694.52915;72.24903; 
5;15;9;4096;0;123102.86771;72.24911; 
6;15;9;4096;0;123251.32639;72.42363; 
7;15;9;4096;0;123350.04235;72.19803; 
8;15;9;4096;0;122899.20730;72.34678; 
9;15;9;4096;0;123217.56612;72.30674; 
10;15;9;4096;0;122304.56481;72.35100; 
11;15;9;4096;0;123294.42740;72.26475; 
12;15;9;4096;0;122632.00343;72.36280; 
13;15;9;4096;0;123301.42587;72.25900; 
14;15;9;4096;0;122732.11779;72.44864; 
15;15;9;4096;0;122884.95281;72.35763; 
16;15;9;4096;0;122679.14318;72.23132; 
17;15;9;4096;0;123289.65080;72.43978; 
18;15;9;4096;0;123336.82224;72.34126; 
19;15;9;4096;0;121788.76003;72.20849; 
20;15;9;4096;0;122564.33266;72.30447; 
21;15;9;4096;0;122790.07927;72.26845; 
22;15;9;4096;0;121758.61181;72.46659; 
23;15;9;4096;0;121285.54740;72.31700; 
24;15;9;4096;0;122839.46179;72.25815; 
25;15;9;4096;0;123632.18872;72.28777; 
26;15;9;4096;0;123750.01854;72.42351; 
27;15;9;4096;0;123973.13628;72.26620; 
28;15;9;4096;0;123783.30532;72.24674; 
29;15;9;4096;0;123475.48594;72.31673; 
30;15;9;4096;0;122801.70913;72.32950; 
1;15;9;8192;0;123007.90733;159.00112; 
2;15;9;8192;0;122727.72175;158.97210; 
3;15;9;8192;0;122889.84773;158.97831; 
4;15;9;8192;0;123180.32557;158.98468; 
5;15;9;8192;0;123120.31559;159.04414; 
6;15;9;8192;0;124042.33406;158.97641; 
7;15;9;8192;0;123524.74721;158.83334; 
8;15;9;8192;0;124306.79956;159.05114; 
9;15;9;8192;0;122236.27856;158.90680; 
10;15;9;8192;0;122874.73210;159.12921; 
11;15;9;8192;0;124277.44803;159.11305; 
12;15;9;8192;0;124812.01713;158.76848; 
13;15;9;8192;0;123413.71970;158.71519; 
14;15;9;8192;0;122620.53065;158.93964; 
15;15;9;8192;0;123668.40540;159.00568; 
16;15;9;8192;0;123423.88398;158.98889; 
17;15;9;8192;0;123296.14992;158.91827; 
18;15;9;8192;0;123123.83037;158.87002; 
19;15;9;8192;0;123138.85078;158.98831; 
20;15;9;8192;0;123891.80956;159.04374; 
21;15;9;8192;0;123593.44951;158.99144; 
22;15;9;8192;0;123087.36382;159.04328; 
23;15;9;8192;0;123930.46037;158.90178; 
24;15;9;8192;0;122531.50562;158.91558; 
25;15;9;8192;0;123326.90515;159.01582; 
26;15;9;8192;0;124056.78994;158.85010; 
27;15;9;8192;0;122434.85765;159.24898; 
28;15;9;8192;0;123437.11635;158.95505; 
29;15;9;8192;0;122801.01174;158.88955; 
30;15;9;8192;0;123525.51881;158.89798; 
1;15;10;1024;0;419327.90672;25.81337; 
2;15;10;1024;0;410097.96434;25.69894; 
3;15;10;1024;0;416934.67139;25.79054; 
4;15;10;1024;0;408648.42554;25.62824; 
5;15;10;1024;0;418417.38509;25.51066; 
6;15;10;1024;0;413134.77472;25.55815; 
7;15;10;1024;0;417505.03686;25.50402; 
8;15;10;1024;0;420302.27952;25.43458; 
9;15;10;1024;0;417278.70289;25.45819; 
10;15;10;1024;0;421320.44467;25.47815; 
11;15;10;1024;0;419503.92364;25.52198; 
12;15;10;1024;0;417544.88267;25.54699; 
13;15;10;1024;0;419287.53240;25.54420; 
14;15;10;1024;0;413563.24069;25.45891; 
15;15;10;1024;0;420154.95955;25.50843; 
16;15;10;1024;0;417357.77784;25.49371; 
17;15;10;1024;0;421763.65266;25.42700; 
18;15;10;1024;0;418027.06528;25.50912; 
19;15;10;1024;0;414442.07528;25.55394; 
20;15;10;1024;0;416109.41707;25.53699; 
21;15;10;1024;0;417417.30003;25.46049; 
22;15;10;1024;0;418730.24708;25.44787; 
23;15;10;1024;0;416107.69655;25.48205; 
24;15;10;1024;0;409504.33177;25.49259; 
25;15;10;1024;0;416157.83808;25.56255; 
26;15;10;1024;0;417169.73943;25.53286; 
27;15;10;1024;0;418965.16111;25.43399; 
28;15;10;1024;0;421909.77312;25.48685; 
29;15;10;1024;0;422304.08179;25.50375; 
30;15;10;1024;0;418288.52272;25.49683; 
1;15;10;2048;0;447375.50815;26.08961; 
2;15;10;2048;0;445463.37357;26.12968; 
3;15;10;2048;0;453674.43236;26.10920; 
4;15;10;2048;0;450256.42587;26.06335; 
5;15;10;2048;0;450005.79446;26.09368; 
6;15;10;2048;0;452030.07356;26.21965; 
7;15;10;2048;0;451455.54234;26.11477; 
8;15;10;2048;0;449410.24326;26.09225; 
9;15;10;2048;0;452921.68654;26.03741; 
10;15;10;2048;0;448389.21310;26.03059; 
11;15;10;2048;0;446801.25176;26.19693; 
12;15;10;2048;0;450650.31918;26.06267; 
13;15;10;2048;0;452115.59620;26.12035; 
14;15;10;2048;0;451689.45517;26.20581; 
15;15;10;2048;0;450454.18517;26.11752; 
16;15;10;2048;0;451309.66717;26.13130; 
17;15;10;2048;0;453143.71024;26.07128; 
18;15;10;2048;0;454251.79021;26.07844; 
19;15;10;2048;0;438273.88395;26.02198; 
20;15;10;2048;0;454325.60158;26.13854; 
21;15;10;2048;0;451584.89799;26.23558; 
22;15;10;2048;0;452997.79685;26.17053; 
23;15;10;2048;0;451268.54893;26.08101; 
24;15;10;2048;0;452481.54414;26.07070; 
25;15;10;2048;0;452596.91639;26.14334; 
26;15;10;2048;0;453220.80071;26.06750; 
27;15;10;2048;0;447234.55600;26.15495; 
28;15;10;2048;0;449221.95602;26.12792; 
29;15;10;2048;0;450499.92803;26.09032; 
30;15;10;2048;0;449755.77255;26.22791; 
1;15;10;4096;0;481555.99937;43.68636; 
2;15;10;4096;0;481883.52122;43.64783; 
3;15;10;4096;0;477834.10263;43.56266; 
4;15;10;4096;0;476812.68550;43.59498; 
5;15;10;4096;0;477872.08808;43.64610; 
6;15;10;4096;0;482630.67716;43.70124; 
7;15;10;4096;0;479328.76511;43.67493; 
8;15;10;4096;0;483030.82106;43.71532; 
9;15;10;4096;0;479471.80306;43.70995; 
10;15;10;4096;0;476265.68004;43.70827; 
11;15;10;4096;0;485107.56707;43.71904; 
12;15;10;4096;0;481542.65544;43.61540; 
13;15;10;4096;0;477033.93334;43.63213; 
14;15;10;4096;0;481437.03465;43.61839; 
15;15;10;4096;0;474289.77396;43.65350; 
16;15;10;4096;0;483835.93395;43.61859; 
17;15;10;4096;0;471819.27191;43.62070; 
18;15;10;4096;0;480200.29289;43.65843; 
19;15;10;4096;0;477875.97151;43.74995; 
20;15;10;4096;0;480456.15459;43.72670; 
21;15;10;4096;0;484414.86657;43.69008; 
22;15;10;4096;0;482804.30477;43.64135; 
23;15;10;4096;0;481549.76558;43.63659; 
24;15;10;4096;0;482604.78535;43.62817; 
25;15;10;4096;0;479536.51746;43.68059; 
26;15;10;4096;0;477481.95842;43.63785; 
27;15;10;4096;0;482442.08914;43.67979; 
28;15;10;4096;0;477952.07060;43.59312; 
29;15;10;4096;0;480771.56450;43.64211; 
30;15;10;4096;0;481531.74700;43.62890; 
1;15;10;8192;0;492041.89031;93.57021; 
2;15;10;8192;0;498958.15240;93.55170; 
3;15;10;8192;0;501369.14827;93.52291; 
4;15;10;8192;0;491229.55721;93.47482; 
5;15;10;8192;0;499260.71586;93.52454; 
6;15;10;8192;0;499885.36685;93.48470; 
7;15;10;8192;0;492918.77030;93.43426; 
8;15;10;8192;0;496029.50915;93.40826; 
9;15;10;8192;0;499155.27301;93.55299; 
10;15;10;8192;0;498476.69916;93.37104; 
11;15;10;8192;0;498037.01009;93.51623; 
12;15;10;8192;0;498125.74170;93.52310; 
13;15;10;8192;0;497564.24258;93.60958; 
14;15;10;8192;0;496554.53426;93.44880; 
15;15;10;8192;0;501230.71642;93.55897; 
16;15;10;8192;0;500591.85823;93.53221; 
17;15;10;8192;0;489057.05239;93.40678; 
18;15;10;8192;0;497962.91299;93.47372; 
19;15;10;8192;0;495689.77189;93.44620; 
20;15;10;8192;0;501424.81798;93.51813; 
21;15;10;8192;0;494298.77574;93.59069; 
22;15;10;8192;0;495616.94398;93.40929; 
23;15;10;8192;0;500952.93792;93.41045; 
24;15;10;8192;0;492525.04758;93.65518; 
25;15;10;8192;0;496804.15529;93.63084; 
26;15;10;8192;0;489629.18126;93.57116; 
27;15;10;8192;0;499844.25909;93.54580; 
28;15;10;8192;0;498407.72614;93.44132; 
29;15;10;8192;0;496159.52540;93.59987; 
30;15;10;8192;0;499566.93029;93.52927; 
1;15;11;1024;0;626172.46980;255.62158; 
2;15;11;1024;0;628529.27480;254.44140; 
3;15;11;1024;0;622583.11286;255.12875; 
4;15;11;1024;0;625408.63180;254.38117; 
5;15;11;1024;0;627023.14712;253.89468; 
6;15;11;1024;0;626961.65445;254.81197; 
7;15;11;1024;0;629506.59482;255.08338; 
8;15;11;1024;0;628036.47891;254.30677; 
9;15;11;1024;0;631652.05379;254.87054; 
10;15;11;1024;0;624228.06996;254.10291; 
11;15;11;1024;0;634499.51314;254.10826; 
12;15;11;1024;0;627544.23601;254.26834; 
13;15;11;1024;0;626346.29827;254.36147; 
14;15;11;1024;0;625768.58780;254.04871; 
15;15;11;1024;0;627890.06141;254.31923; 
16;15;11;1024;0;633272.97851;254.74676; 
17;15;11;1024;0;629152.09412;255.42635; 
18;15;11;1024;0;626874.07129;254.73184; 
19;15;11;1024;0;629153.06825;254.86821; 
20;15;11;1024;0;626408.69615;254.76320; 
21;15;11;1024;0;631474.28895;254.19511; 
22;15;11;1024;0;623161.82294;254.25422; 
23;15;11;1024;0;631426.14651;254.40471; 
24;15;11;1024;0;629708.84235;254.73098; 
25;15;11;1024;0;627753.34765;254.91562; 
26;15;11;1024;0;626288.90940;255.12024; 
27;15;11;1024;0;631235.59377;254.19895; 
28;15;11;1024;0;630222.60853;254.81397; 
29;15;11;1024;0;625638.65829;255.38925; 
30;15;11;1024;0;626940.39930;254.97697; 
1;15;11;2048;0;680003.81006;305.00462; 
2;15;11;2048;0;682000.40296;303.92144; 
3;15;11;2048;0;674018.29597;304.12504; 
4;15;11;2048;0;682213.86383;304.05643; 
5;15;11;2048;0;679131.80623;303.70829; 
6;15;11;2048;0;679712.17451;304.33115; 
7;15;11;2048;0;681048.00883;303.72450; 
8;15;11;2048;0;684050.87369;304.52502; 
9;15;11;2048;0;674851.44451;304.04468; 
10;15;11;2048;0;678771.19813;304.63672; 
11;15;11;2048;0;681189.37353;304.20010; 
12;15;11;2048;0;680426.97658;304.17799; 
13;15;11;2048;0;676396.56370;304.02722; 
14;15;11;2048;0;683662.49928;304.73216; 
15;15;11;2048;0;678267.86738;303.71292; 
16;15;11;2048;0;680810.79468;304.32623; 
17;15;11;2048;0;680066.03438;304.26693; 
18;15;11;2048;0;681672.22363;303.77710; 
19;15;11;2048;0;676122.13421;304.08739; 
20;15;11;2048;0;681183.86184;304.29683; 
21;15;11;2048;0;675913.40999;304.17768; 
22;15;11;2048;0;676586.08213;304.30535; 
23;15;11;2048;0;678155.87308;304.51485; 
24;15;11;2048;0;674381.04101;304.91091; 
25;15;11;2048;0;678811.25471;304.19440; 
26;15;11;2048;0;679398.56541;303.57697; 
27;15;11;2048;0;673645.19341;303.90294; 
28;15;11;2048;0;681758.47066;304.90624; 
29;15;11;2048;0;686093.83413;304.37064; 
30;15;11;2048;0;678493.54304;304.19020; 
