Runs; Iterations;Problem;ants;BestSequence;RouteDistance;Time;

1;15;1;1024;0;8632.82389;0.19000; 
2;15;1;1024;0;8603.28435;0.18000; 
3;15;1;1024;0;8570.10320;0.17000; 
4;15;1;1024;0;8399.50816;0.19000; 
5;15;1;1024;0;8388.55514;0.18000; 
6;15;1;1024;0;8766.99827;0.18000; 
7;15;1;1024;0;8510.75637;0.17000; 
8;15;1;1024;0;8859.08562;0.19000; 
9;15;1;1024;0;8720.50953;0.18000; 
10;15;1;1024;0;8816.96302;0.18000; 
11;15;1;1024;0;8626.56931;0.18000; 
12;15;1;1024;0;8544.27211;0.19000; 
13;15;1;1024;0;8425.35565;0.17000; 
14;15;1;1024;0;8203.16321;0.18000; 
15;15;1;1024;0;8844.71307;0.18000; 
16;15;1;1024;0;8270.79814;0.18000; 
17;15;1;1024;0;8831.48249;0.17000; 
18;15;1;1024;0;8923.12211;0.16000; 
19;15;1;1024;0;8961.17815;0.18000; 
20;15;1;1024;0;8646.91124;0.18000; 
21;15;1;1024;0;9038.31676;0.19000; 
22;15;1;1024;0;8044.93280;0.18000; 
23;15;1;1024;0;7969.53213;0.16000; 
24;15;1;1024;0;8647.89881;0.17000; 
25;15;1;1024;0;8319.64625;0.18000; 
26;15;1;1024;0;8683.93379;0.16000; 
27;15;1;1024;0;8853.07665;0.18000; 
28;15;1;1024;0;8789.94972;0.17000; 
29;15;1;1024;0;8734.01130;0.18000; 
30;15;1;1024;0;8292.54595;0.18000; 
1;15;1;2048;0;8222.83213;0.18000; 
2;15;1;2048;0;8624.91885;0.19000; 
3;15;1;2048;0;8112.67790;0.18000; 
4;15;1;2048;0;7521.59549;0.19000; 
5;15;1;2048;0;8306.98345;0.18000; 
6;15;1;2048;0;8841.91208;0.17000; 
7;15;1;2048;0;7981.17842;0.18000; 
8;15;1;2048;0;8401.50925;0.18000; 
9;15;1;2048;0;8789.41179;0.17000; 
10;15;1;2048;0;8795.48710;0.18000; 
11;15;1;2048;0;8742.45179;0.18000; 
12;15;1;2048;0;8583.63063;0.20000; 
13;15;1;2048;0;8841.64480;0.19000; 
14;15;1;2048;0;8773.71737;0.18000; 
15;15;1;2048;0;8651.49063;0.17000; 
16;15;1;2048;0;8917.25057;0.18000; 
17;15;1;2048;0;7570.46493;0.18000; 
18;15;1;2048;0;8035.06159;0.18000; 
19;15;1;2048;0;8136.51693;0.19000; 
20;15;1;2048;0;7468.51525;0.18000; 
21;15;1;2048;0;8732.31312;0.17000; 
22;15;1;2048;0;7981.05949;0.19000; 
23;15;1;2048;0;8569.88818;0.18000; 
24;15;1;2048;0;8440.06082;0.17000; 
25;15;1;2048;0;8643.33776;0.20000; 
26;15;1;2048;0;8945.65106;0.18000; 
27;15;1;2048;0;8132.40918;0.18000; 
28;15;1;2048;0;8725.46102;0.18000; 
29;15;1;2048;0;8156.53971;0.18000; 
30;15;1;2048;0;8784.61819;0.18000; 
1;15;1;4096;0;8060.14661;0.19000; 
2;15;1;4096;0;8069.99447;0.17000; 
3;15;1;4096;0;7277.10708;0.18000; 
4;15;1;4096;0;8328.81634;0.20000; 
5;15;1;4096;0;8036.86193;0.17000; 
6;15;1;4096;0;8533.54806;0.20000; 
7;15;1;4096;0;8465.52445;0.17000; 
8;15;1;4096;0;8511.13382;0.19000; 
9;15;1;4096;0;7758.15534;0.19000; 
10;15;1;4096;0;8143.51665;0.19000; 
11;15;1;4096;0;8143.22707;0.19000; 
12;15;1;4096;0;7938.65811;0.19000; 
13;15;1;4096;0;8254.33571;0.17000; 
14;15;1;4096;0;8044.04099;0.18000; 
15;15;1;4096;0;8225.78741;0.19000; 
16;15;1;4096;0;8089.43721;0.18000; 
17;15;1;4096;0;8191.47994;0.18000; 
18;15;1;4096;0;7971.89817;0.17000; 
19;15;1;4096;0;8300.89684;0.19000; 
20;15;1;4096;0;8320.60365;0.18000; 
21;15;1;4096;0;8484.53569;0.19000; 
22;15;1;4096;0;8392.61254;0.19000; 
23;15;1;4096;0;7738.01173;0.19000; 
24;15;1;4096;0;8591.86576;0.19000; 
25;15;1;4096;0;8208.58009;0.19000; 
26;15;1;4096;0;8004.43889;0.19000; 
27;15;1;4096;0;8286.34742;0.19000; 
28;15;1;4096;0;8579.29340;0.19000; 
29;15;1;4096;0;8425.37906;0.18000; 
30;15;1;4096;0;8305.79920;0.18000; 
1;15;1;8192;0;7879.76047;0.21000; 
2;15;1;8192;0;8477.81695;0.19000; 
3;15;1;8192;0;7791.52755;0.20000; 
4;15;1;8192;0;7807.38800;0.19000; 
5;15;1;8192;0;7748.81509;0.19000; 
6;15;1;8192;0;7826.75605;0.18000; 
7;15;1;8192;0;8119.39744;0.18000; 
8;15;1;8192;0;7403.44175;0.19000; 
9;15;1;8192;0;8485.98533;0.19000; 
10;15;1;8192;0;8272.66633;0.19000; 
11;15;1;8192;0;8165.05838;0.19000; 
12;15;1;8192;0;8274.06150;0.21000; 
13;15;1;8192;0;8170.70377;0.19000; 
14;15;1;8192;0;8134.81571;0.19000; 
15;15;1;8192;0;8433.39409;0.19000; 
16;15;1;8192;0;7940.97962;0.19000; 
17;15;1;8192;0;8070.59510;0.19000; 
18;15;1;8192;0;7559.49788;0.19000; 
19;15;1;8192;0;8136.92993;0.19000; 
20;15;1;8192;0;8452.35511;0.19000; 
21;15;1;8192;0;8450.54451;0.19000; 
22;15;1;8192;0;7909.89110;0.19000; 
23;15;1;8192;0;8166.74329;0.18000; 
24;15;1;8192;0;7941.73748;0.20000; 
25;15;1;8192;0;8176.55653;0.19000; 
26;15;1;8192;0;8260.34049;0.19000; 
27;15;1;8192;0;7641.74717;0.19000; 
28;15;1;8192;0;8061.59121;0.20000; 
29;15;1;8192;0;7548.50422;0.20000; 
30;15;1;8192;0;8225.36797;0.19000; 
1;15;3;1024;0;15128.95285;0.79000; 
2;15;3;1024;0;15580.69611;0.75000; 
3;15;3;1024;0;15842.00376;0.75000; 
4;15;3;1024;0;15892.88488;0.76000; 
5;15;3;1024;0;15982.00215;0.76000; 
6;15;3;1024;0;15473.27466;0.76000; 
7;15;3;1024;0;15751.68443;0.76000; 
8;15;3;1024;0;15586.91363;0.76000; 
9;15;3;1024;0;15756.93537;0.74000; 
10;15;3;1024;0;15611.90388;0.76000; 
11;15;3;1024;0;15621.67110;0.75000; 
12;15;3;1024;0;15742.02995;0.76000; 
13;15;3;1024;0;15557.77317;0.76000; 
14;15;3;1024;0;15468.48682;0.76000; 
15;15;3;1024;0;15777.13444;0.75000; 
16;15;3;1024;0;16004.45532;0.76000; 
17;15;3;1024;0;15578.72468;0.75000; 
18;15;3;1024;0;16014.37609;0.76000; 
19;15;3;1024;0;15805.35172;0.77000; 
20;15;3;1024;0;15529.27998;0.76000; 
21;15;3;1024;0;16068.80496;0.76000; 
22;15;3;1024;0;15559.44557;0.77000; 
23;15;3;1024;0;15814.14507;0.76000; 
24;15;3;1024;0;15686.59755;0.76000; 
25;15;3;1024;0;15652.02055;0.82000; 
26;15;3;1024;0;15551.95613;0.76000; 
27;15;3;1024;0;16019.10096;0.82000; 
28;15;3;1024;0;16017.65064;0.76000; 
29;15;3;1024;0;15762.53693;0.75000; 
30;15;3;1024;0;15757.51456;0.76000; 
1;15;3;2048;0;15536.10186;0.77000; 
2;15;3;2048;0;15701.87493;0.77000; 
3;15;3;2048;0;16027.56891;0.76000; 
4;15;3;2048;0;15516.72364;0.77000; 
5;15;3;2048;0;15637.45135;0.77000; 
6;15;3;2048;0;15569.13010;0.76000; 
7;15;3;2048;0;15842.20854;0.76000; 
8;15;3;2048;0;15808.95119;0.77000; 
9;15;3;2048;0;15317.57142;0.77000; 
10;15;3;2048;0;15498.95326;0.76000; 
11;15;3;2048;0;15674.78244;0.76000; 
12;15;3;2048;0;15790.62374;0.77000; 
13;15;3;2048;0;15378.75534;0.77000; 
14;15;3;2048;0;15901.96281;0.77000; 
15;15;3;2048;0;15893.32913;0.77000; 
16;15;3;2048;0;15259.82123;0.78000; 
17;15;3;2048;0;15729.22851;0.78000; 
18;15;3;2048;0;15655.15752;0.77000; 
19;15;3;2048;0;15901.84136;0.77000; 
20;15;3;2048;0;15833.89833;0.78000; 
21;15;3;2048;0;15542.33073;0.77000; 
22;15;3;2048;0;15840.69576;0.77000; 
23;15;3;2048;0;15842.25307;0.77000; 
24;15;3;2048;0;15617.25021;0.77000; 
25;15;3;2048;0;15430.56420;0.77000; 
26;15;3;2048;0;15860.24840;0.77000; 
27;15;3;2048;0;15680.88159;0.77000; 
28;15;3;2048;0;15062.93807;0.77000; 
29;15;3;2048;0;15392.51768;0.77000; 
30;15;3;2048;0;15953.49713;0.77000; 
1;15;3;4096;0;15704.96258;0.91000; 
2;15;3;4096;0;15771.01995;0.91000; 
3;15;3;4096;0;15878.15299;0.92000; 
4;15;3;4096;0;15466.59519;0.91000; 
5;15;3;4096;0;15570.86654;0.91000; 
6;15;3;4096;0;15724.62880;0.91000; 
7;15;3;4096;0;15742.45228;0.91000; 
8;15;3;4096;0;15902.20183;0.91000; 
9;15;3;4096;0;15538.20580;0.91000; 
10;15;3;4096;0;15456.88629;0.90000; 
11;15;3;4096;0;15692.16954;0.92000; 
12;15;3;4096;0;15344.47364;0.91000; 
13;15;3;4096;0;15787.58156;0.91000; 
14;15;3;4096;0;15628.03253;0.92000; 
15;15;3;4096;0;15767.23668;0.92000; 
16;15;3;4096;0;15283.73791;0.92000; 
17;15;3;4096;0;15538.34979;0.92000; 
18;15;3;4096;0;15354.40711;0.91000; 
19;15;3;4096;0;15599.11518;0.92000; 
20;15;3;4096;0;15600.08689;0.90000; 
21;15;3;4096;0;15741.91763;0.90000; 
22;15;3;4096;0;14923.93077;0.91000; 
23;15;3;4096;0;15467.84124;0.90000; 
24;15;3;4096;0;15249.74426;0.91000; 
25;15;3;4096;0;15756.40308;0.91000; 
26;15;3;4096;0;15774.21250;0.90000; 
27;15;3;4096;0;15779.20220;0.91000; 
28;15;3;4096;0;15665.20059;0.96000; 
29;15;3;4096;0;15714.46103;0.91000; 
30;15;3;4096;0;15411.12925;0.91000; 
1;15;3;8192;0;15405.32900;1.71000; 
2;15;3;8192;0;15522.21826;1.71000; 
3;15;3;8192;0;15533.96519;1.71000; 
4;15;3;8192;0;15375.47952;1.70000; 
5;15;3;8192;0;15454.16438;1.72000; 
6;15;3;8192;0;15028.29693;1.72000; 
7;15;3;8192;0;15094.23694;1.71000; 
8;15;3;8192;0;15632.92743;1.72000; 
9;15;3;8192;0;15569.32256;1.71000; 
10;15;3;8192;0;15582.97089;1.72000; 
11;15;3;8192;0;15287.60682;1.72000; 
12;15;3;8192;0;15766.07278;1.71000; 
13;15;3;8192;0;15610.97537;1.72000; 
14;15;3;8192;0;15385.76507;1.71000; 
15;15;3;8192;0;15295.05432;1.71000; 
16;15;3;8192;0;15464.41527;1.72000; 
17;15;3;8192;0;15555.36573;1.73000; 
18;15;3;8192;0;15512.90892;1.72000; 
19;15;3;8192;0;15487.76018;1.73000; 
20;15;3;8192;0;15626.08398;1.72000; 
21;15;3;8192;0;15479.86278;1.72000; 
22;15;3;8192;0;15411.47258;1.73000; 
23;15;3;8192;0;15511.91365;1.73000; 
24;15;3;8192;0;15149.67270;1.73000; 
25;15;3;8192;0;15508.57932;1.73000; 
26;15;3;8192;0;15541.35902;1.72000; 
27;15;3;8192;0;15524.17363;1.73000; 
28;15;3;8192;0;15377.06653;1.72000; 
29;15;3;8192;0;15054.48611;1.72000; 
30;15;3;8192;0;15176.30614;1.73000; 