Runs; Iterations;Problem;ants;BestSequence;RouteDistance;Time;

1;15;1;1024;0;8994.25718;0.22433; 
2;15;1;1024;0;8304.90390;0.18338; 
3;15;1;1024;0;9137.05837;0.17941; 
4;15;1;1024;0;8532.62821;0.17904; 
5;15;1;1024;0;8662.97309;0.20345; 
6;15;1;1024;0;8003.39545;0.17886; 
7;15;1;1024;0;8645.67418;0.17962; 
8;15;1;1024;0;8777.04388;0.17286; 
9;15;1;1024;0;8513.27285;0.17790; 
10;15;1;1024;0;8310.68294;0.17830; 
11;15;1;1024;0;8666.08657;0.21229; 
12;15;1;1024;0;8618.54261;0.17428; 
13;15;1;1024;0;8742.96760;0.17778; 
14;15;1;1024;0;8912.93361;0.17623; 
15;15;1;1024;0;8324.53187;0.17649; 
16;15;1;1024;0;8833.27201;0.18972; 
17;15;1;1024;0;8316.63783;0.21647; 
18;15;1;1024;0;9130.22863;0.17877; 
19;15;1;1024;0;8169.59609;0.17217; 
20;15;1;1024;0;8136.36324;0.17323; 
21;15;1;1024;0;8872.81436;0.17809; 
22;15;1;1024;0;8440.28844;0.20889; 
23;15;1;1024;0;9039.12496;0.21650; 
24;15;1;1024;0;8722.09927;0.17442; 
25;15;1;1024;0;8686.70222;0.17266; 
26;15;1;1024;0;8572.00267;0.17612; 
27;15;1;1024;0;8650.35223;0.17381; 
28;15;1;1024;0;8654.24028;0.23500; 
29;15;1;1024;0;8845.58880;0.17861; 
30;15;1;1024;0;8489.31543;0.17317; 
1;15;1;2048;0;7559.90970;0.18073; 
2;15;1;2048;0;8108.59708;0.17568; 
3;15;1;2048;0;8653.34383;0.18138; 
4;15;1;2048;0;8687.55573;0.21956; 
5;15;1;2048;0;8542.35740;0.17817; 
6;15;1;2048;0;8589.18752;0.18682; 
7;15;1;2048;0;8267.11438;0.18627; 
8;15;1;2048;0;8670.13827;0.17501; 
9;15;1;2048;0;8288.66473;0.18770; 
10;15;1;2048;0;7941.43351;0.19154; 
11;15;1;2048;0;9056.25901;0.19352; 
12;15;1;2048;0;7979.62894;0.18609; 
13;15;1;2048;0;8035.69551;0.18720; 
14;15;1;2048;0;7320.99129;0.17663; 
15;15;1;2048;0;8714.80489;0.22223; 
16;15;1;2048;0;8727.16022;0.17874; 
17;15;1;2048;0;8197.21070;0.18217; 
18;15;1;2048;0;8324.96702;0.17694; 
19;15;1;2048;0;8612.85842;0.18403; 
20;15;1;2048;0;8624.63480;0.18126; 
21;15;1;2048;0;8445.27662;0.25052; 
22;15;1;2048;0;8542.91018;0.17628; 
23;15;1;2048;0;8578.01274;0.18327; 
24;15;1;2048;0;8250.95809;0.18352; 
25;15;1;2048;0;8041.79992;0.17873; 
26;15;1;2048;0;7935.27488;0.23491; 
27;15;1;2048;0;8316.10207;0.18370; 
28;15;1;2048;0;8403.53659;0.18039; 
29;15;1;2048;0;8659.60434;0.18394; 
30;15;1;2048;0;8677.46409;0.18368; 
1;15;1;4096;0;7587.99712;0.19024; 
2;15;1;4096;0;8482.99717;0.21523; 
3;15;1;4096;0;7919.62204;0.18378; 
4;15;1;4096;0;8302.96196;0.18832; 
5;15;1;4096;0;8221.47316;0.18292; 
6;15;1;4096;0;7745.27286;0.18660; 
7;15;1;4096;0;8196.48369;0.22649; 
8;15;1;4096;0;8434.98303;0.22733; 
9;15;1;4096;0;8069.20715;0.19018; 
10;15;1;4096;0;8662.34990;0.18766; 
11;15;1;4096;0;8464.99624;0.18631; 
12;15;1;4096;
13;15;1;4096;0;8163.09756;0.20838; 
14;15;1;4096;0;8070.50434;0.17568; 
15;15;1;4096;0;8395.44183;0.17660; 
16;15;1;4096;0;8547.63514;0.17644; 
17;15;1;4096;0;8124.25348;0.17104; 
18;15;1;4096;0;8520.52843;0.22123; 
19;15;1;4096;0;8153.83240;0.18313; 
20;15;1;4096;0;8152.94906;0.18156; 
21;15;1;4096;0;8184.20755;0.18521; 
22;15;1;4096;0;8405.14287;0.18592; 
23;15;1;4096;0;8214.60537;0.25283; 
24;15;1;4096;0;8094.36802;0.18108; 
25;15;1;4096;0;8400.99163;0.18086; 
26;15;1;4096;0;8474.85679;0.18462; 
27;15;1;4096;0;8189.07108;0.18255; 
28;15;1;4096;0;8401.12190;0.21826; 
29;15;1;4096;0;7578.75434;0.21826; 
30;15;1;4096;0;8756.52717;0.18726; 
1;15;1;8192;0;8253.16703;0.20099; 
2;15;1;8192;0;8195.68896;0.20574; 
3;15;1;8192;0;8345.89168;0.22938; 
4;15;1;8192;0;8483.52266;0.24395; 
5;15;1;8192;0;8012.25271;0.19479; 
6;15;1;8192;0;8613.73450;0.20019; 
7;15;1;8192;0;8198.07784;0.18825; 
8;15;1;8192;0;7840.81640;0.19418; 
9;15;1;8192;0;7983.55621;0.20786; 
10;15;1;8192;0;7874.45295;0.19236; 
11;15;1;8192;0;8183.23130;0.19336; 
12;15;1;8192;0;8042.80395;0.19092; 
13;15;1;8192;0;8418.71821;0.18644; 
14;15;1;8192;0;8325.87172;0.18592; 
15;15;1;8192;0;8405.64591;0.24755; 
16;15;1;8192;0;7802.03733;0.18877; 
17;15;1;8192;0;8126.11382;0.18475; 
18;15;1;8192;0;7815.39230;0.18382; 
19;15;1;8192;0;8264.64217;0.19041; 
20;15;1;8192;0;8173.20343;0.25305; 
21;15;1;8192;0;8403.23297;0.18957; 
22;15;1;8192;0;8314.62377;0.18833; 
23;15;1;8192;0;8304.46839;0.18377; 
24;15;1;8192;0;8261.06934;0.18367; 
25;15;1;8192;0;7775.28967;0.18817; 
26;15;1;8192;0;8009.49796;0.23219; 
27;15;1;8192;0;8025.41520;0.18576; 
28;15;1;8192;0;7962.79259;0.18907; 
29;15;1;8192;0;8364.28032;0.18851; 
30;15;1;8192;0;8474.03469;0.20331; 
1;15;3;1024;0;15399.15190;0.79457; 
2;15;3;1024;0;15924.09036;0.76427; 
3;15;3;1024;0;15664.84717;0.80016; 
4;15;3;1024;0;15770.85294;0.75937; 
5;15;3;1024;0;15791.45746;0.75688; 
6;15;3;1024;0;15883.28816;0.76413; 
7;15;3;1024;0;15433.64578;0.76459; 
8;15;3;1024;0;15866.33065;0.77661; 
9;15;3;1024;0;15851.67078;0.76688; 
10;15;3;1024;0;15686.37646;0.77706; 
11;15;3;1024;0;15567.70094;0.76305; 
12;15;3;1024;0;15674.25847;0.81068; 
13;15;3;1024;0;15906.07674;0.76638; 
14;15;3;1024;0;15637.83309;0.76259; 
15;15;3;1024;0;15588.26021;0.76747; 
16;15;3;1024;0;15715.79217;0.83847; 
17;15;3;1024;0;15810.84430;0.76045; 
18;15;3;1024;0;15978.92709;0.82737; 
19;15;3;1024;0;15770.06353;0.76007; 
20;15;3;1024;0;15892.57195;0.80920; 
21;15;3;1024;0;15501.54726;0.76672; 
22;15;3;1024;0;15785.71730;0.80754; 
23;15;3;1024;0;15985.65369;0.75826; 
24;15;3;1024;0;15112.27351;0.76926; 
25;15;3;1024;0;15881.20982;0.75817; 
26;15;3;1024;0;15685.03141;0.75899; 
27;15;3;1024;0;15372.36436;0.75736; 
28;15;3;1024;0;15871.76718;0.75876; 
29;15;3;1024;0;15210.94328;0.77163; 
30;15;3;1024;0;15910.38150;0.77966; 
1;15;3;2048;0;15490.74457;0.81921; 
2;15;3;2048;0;15621.67219;0.77709; 
3;15;3;2048;0;15748.75231;0.80396; 
4;15;3;2048;0;15311.29724;0.77858; 
5;15;3;2048;0;15925.97819;0.84333; 
6;15;3;2048;0;15677.55512;0.77669; 
7;15;3;2048;0;15759.14550;0.77470; 
8;15;3;2048;0;15940.37354;0.77425; 
9;15;3;2048;0;15743.53083;0.83768; 
10;15;3;2048;0;15700.71962;0.77261; 
11;15;3;2048;0;15804.33826;0.81681; 
12;15;3;2048;0;15515.65516;0.77672; 
13;15;3;2048;0;15713.01219;0.83647; 
14;15;3;2048;0;15698.24366;0.77658; 
15;15;3;2048;0;15967.10574;0.79656; 
16;15;3;2048;0;16000.71389;0.77614; 
17;15;3;2048;0;15879.39326;0.81336; 
18;15;3;2048;0;15698.11759;0.77920; 
19;15;3;2048;0;15552.62566;0.81250; 
20;15;3;2048;0;15783.45214;0.76912; 
21;15;3;2048;0;16015.61217;0.79201; 
22;15;3;2048;0;15648.16992;0.77356; 
23;15;3;2048;0;15670.10862;0.76947; 
24;15;3;2048;0;15500.50157;0.77348; 
25;15;3;2048;0;15736.49489;0.79790; 
26;15;3;2048;0;15536.79263;0.77415; 
27;15;3;2048;0;15516.74349;0.79802; 
28;15;3;2048;0;15820.57470;0.81708; 
29;15;3;2048;0;15733.49039;0.77523; 
30;15;3;2048;0;15589.93780;0.78896; 
1;15;3;4096;0;15946.67207;0.92303; 
2;15;3;4096;0;15768.58321;0.96775; 
3;15;3;4096;0;15633.23540;0.91723; 
4;15;3;4096;0;15302.60537;0.92668; 
5;15;3;4096;0;15052.88074;0.91793; 
6;15;3;4096;0;15576.96040;0.92289; 
7;15;3;4096;0;15016.35993;0.95043; 
8;15;3;4096;0;15702.15478;0.91617; 
9;15;3;4096;0;15504.62701;0.99372; 
10;15;3;4096;0;15450.65421;0.92131; 
11;15;3;4096;0;15766.67392;0.95389; 
12;15;3;4096;0;15413.75743;0.91745; 
13;15;3;4096;0;15380.04017;0.95809; 
14;15;3;4096;0;15674.19076;0.94916; 
15;15;3;4096;0;15886.69960;0.92106; 
16;15;3;4096;0;15719.59061;0.97855; 
17;15;3;4096;0;15570.72563;0.91795; 
18;15;3;4096;0;15672.61910;0.96419; 
19;15;3;4096;0;15712.11089;0.92353; 
20;15;3;4096;0;15339.94282;0.92581; 
21;15;3;4096;0;15463.88089;0.92382; 
22;15;3;4096;0;15334.12609;0.92024; 
23;15;3;4096;0;15761.46461;0.91680; 
24;15;3;4096;0;15293.95491;0.91996; 
25;15;3;4096;0;15695.86213;0.95151; 
26;15;3;4096;0;15539.43483;0.91892; 
27;15;3;4096;0;15607.97977;0.99100; 
28;15;3;4096;0;15403.19569;0.91702; 
29;15;3;4096;0;15354.89537;0.95953; 
30;15;3;4096;0;15915.62881;0.92105; 
1;15;3;8192;0;15644.05693;1.72818; 
2;15;3;8192;0;15570.19744;1.72633; 
3;15;3;8192;0;15370.57348;1.76043; 
4;15;3;8192;0;15570.48513;1.77920; 
5;15;3;8192;0;15658.59162;1.73311; 
6;15;3;8192;0;15409.89479;1.74706; 
7;15;3;8192;0;15344.57461;1.75390; 
8;15;3;8192;0;15452.41924;1.77357; 
9;15;3;8192;0;15446.36290;1.77664; 
10;15;3;8192;0;15667.61971;1.78939; 
11;15;3;8192;0;15399.16291;1.79372; 
12;15;3;8192;0;14662.75792;1.79175; 
13;15;3;8192;0;15394.26587;1.78026; 
14;15;3;8192;0;15826.19316;1.77511; 
15;15;3;8192;0;15435.60462;1.78425; 
16;15;3;8192;0;15804.55748;1.80505; 
17;15;3;8192;0;15608.28098;1.79564; 
18;15;3;8192;0;15515.52553;1.78310; 
19;15;3;8192;0;15534.06973;1.79392; 
20;15;3;8192;0;15536.69329;1.75948; 
21;15;3;8192;0;15802.22739;1.79935; 
22;15;3;8192;0;15266.21880;1.77987; 
23;15;3;8192;0;15745.82054;1.75870; 
24;15;3;8192;0;15570.06306;1.73366; 
25;15;3;8192;0;15428.84720;1.73805; 
26;15;3;8192;0;15638.53707;1.73778; 
27;15;3;8192;0;15154.91453;1.73172; 
28;15;3;8192;0;15648.43466;1.73366; 
29;15;3;8192;0;15412.42923;1.73972; 
30;15;3;8192;0;15546.69812;1.74002; 