Runs; Iterations;Problem;ants;BestSequence;RouteDistance;Time;

1;15;1;1024;0;8363.58451;0.20611; 
2;15;1;1024;0;8618.72696;0.23450; 
3;15;1;1024;0;7793.30178;0.17439; 
4;15;1;1024;0;8947.09961;0.18034; 
5;15;1;1024;0;8701.17288;0.17728; 
6;15;1;1024;0;8284.60116;0.18080; 
7;15;1;1024;0;9107.89263;0.21568; 
8;15;1;1024;0;8662.93989;0.17230; 
9;15;1;1024;0;7353.09976;0.17330; 
10;15;1;1024;0;8892.39773;0.17504; 
11;15;1;1024;0;8479.64302;0.17801; 
12;15;1;1024;0;8797.35012;0.23627; 
13;15;1;1024;0;8814.84724;0.17476; 
14;15;1;1024;0;8183.15098;0.17506; 
15;15;1;1024;0;8772.74356;0.17804; 
16;15;1;1024;0;8866.64427;0.18225; 
17;15;1;1024;0;8847.23506;0.17440; 
18;15;1;1024;0;7476.53078;0.21215; 
19;15;1;1024;0;8732.83467;0.18324; 
20;15;1;1024;0;8018.24037;0.18334; 
21;15;1;1024;0;8621.30961;0.17410; 
22;15;1;1024;0;9102.77890;0.18640; 
23;15;1;1024;0;8982.49405;0.17470; 
24;15;1;1024;0;8844.64530;0.21653; 
25;15;1;1024;0;8553.86160;0.17953; 
26;15;1;1024;0;8523.97757;0.17864; 
27;15;1;1024;0;8406.42940;0.17404; 
28;15;1;1024;0;8588.76615;0.17341; 
29;15;1;1024;0;9075.69715;0.22638; 
30;15;1;1024;0;8824.51633;0.18944; 
1;15;1;2048;0;8336.80988;0.18109; 
2;15;1;2048;0;8419.20145;0.17756; 
3;15;1;2048;0;7918.30269;0.18350; 
4;15;1;2048;0;7897.54026;0.18381; 
5;15;1;2048;0;8053.84948;0.21177; 
6;15;1;2048;0;8452.88114;0.19813; 
7;15;1;2048;0;8742.66232;0.18779; 
8;15;1;2048;0;8604.40927;0.17706; 
9;15;1;2048;0;8647.26491;0.18251; 
10;15;1;2048;0;8248.87457;0.19095; 
11;15;1;2048;0;8282.03198;0.22032; 
12;15;1;2048;0;8537.51267;0.18201; 
13;15;1;2048;0;7962.42068;0.17645; 
14;15;1;2048;0;8586.81108;0.18226; 
15;15;1;2048;0;8522.04316;0.18423; 
16;15;1;2048;0;8222.03442;0.22958; 
17;15;1;2048;0;8161.24727;0.22530; 
18;15;1;2048;0;8372.29196;0.18533; 
19;15;1;2048;0;8485.74585;0.17723; 
20;15;1;2048;0;7950.81988;0.18044; 
21;15;1;2048;0;8012.48535;0.17840; 
22;15;1;2048;0;8092.21899;0.21408; 
23;15;1;2048;0;8152.54862;0.18463; 
24;15;1;2048;0;8255.72304;0.17493; 
25;15;1;2048;0;8191.70936;0.18114; 
26;15;1;2048;0;8626.92773;0.17729; 
27;15;1;2048;0;8266.28744;0.17693; 
28;15;1;2048;0;8578.92151;0.19400; 
29;15;1;2048;0;8072.76363;0.17805; 
30;15;1;2048;0;8209.49480;0.17666; 
1;15;1;4096;0;8184.02055;0.18496; 
2;15;1;4096;0;8059.72034;0.18557; 
3;15;1;4096;0;7684.64246;0.19349; 
4;15;1;4096;0;7775.92969;0.22325; 
5;15;1;4096;0;8299.84637;0.18851; 
6;15;1;4096;0;8560.72114;0.18512; 
7;15;1;4096;0;7959.45173;0.18175; 
8;15;1;4096;0;8464.23472;0.18670; 
9;15;1;4096;0;8217.17003;0.24086; 
10;15;1;4096;0;8477.87677;0.18809; 
11;15;1;4096;0;8394.09687;0.18678; 
12;15;1;4096;0;7877.54260;0.18688; 
13;15;1;4096;0;8463.06230;0.18689; 
14;15;1;4096;0;8387.06299;0.18102; 
15;15;1;4096;0;8353.77408;0.22496; 
16;15;1;4096;0;8109.25004;0.18563; 
17;15;1;4096;0;8369.04074;0.18130; 
18;15;1;4096;0;8348.73430;0.18162; 
19;15;1;4096;0;8593.56673;0.18861; 
20;15;1;4096;0;8370.31072;0.22435; 
21;15;1;4096;0;8353.70309;0.21902; 
22;15;1;4096;0;8462.14197;0.18726; 
23;15;1;4096;0;8200.06955;0.18405; 
24;15;1;4096;0;8502.83128;0.18164; 
25;15;1;4096;0;8199.71798;0.18820; 
26;15;1;4096;0;8255.67921;0.24513; 
27;15;1;4096;0;8651.81736;0.18396; 
28;15;1;4096;0;8156.51607;0.18992; 
29;15;1;4096;0;8146.96251;0.18687; 
30;15;1;4096;0;8293.21744;0.18798; 
1;15;1;8192;0;8078.50353;0.20873; 
2;15;1;8192;0;8265.17041;0.26753; 
3;15;1;8192;0;8055.33944;0.19240; 
4;15;1;8192;0;7869.56902;0.19365; 
5;15;1;8192;0;7119.61331;0.18657; 
6;15;1;8192;0;8044.01824;0.19452; 
7;15;1;8192;0;8009.02716;0.24340; 
8;15;1;8192;0;8129.59204;0.19469; 
9;15;1;8192;0;8278.60864;0.19120; 
10;15;1;8192;0;8346.22250;0.19385; 
11;15;1;8192;0;7958.03560;0.19343; 
12;15;1;8192;0;8173.05653;0.22843; 
13;15;1;8192;0;7990.70959;0.22700; 
14;15;1;8192;0;7985.78585;0.19319; 
15;15;1;8192;0;7621.67969;0.19355; 
16;15;1;8192;0;7982.69735;0.18708; 
17;15;1;8192;0;7998.95606;0.19164; 
18;15;1;8192;0;8071.45760;0.24369; 
19;15;1;8192;0;8561.05800;0.18737; 
20;15;1;8192;0;8002.38352;0.18586; 
21;15;1;8192;0;8277.89974;0.18314; 
22;15;1;8192;0;8048.80298;0.18663; 
23;15;1;8192;0;8265.43080;0.19374; 
24;15;1;8192;0;8176.42570;0.19724; 
25;15;1;8192;0;8153.06600;0.18726; 
26;15;1;8192;0;7607.47109;0.18555; 
27;15;1;8192;0;7998.76256;0.19021; 
28;15;1;8192;0;8419.39154;0.19493; 
29;15;1;8192;0;8440.29366;0.23078; 
30;15;1;8192;0;8447.83575;0.20684; 
1;15;3;1024;0;15884.11181;0.83083; 
2;15;3;1024;0;15996.37246;0.76409; 
3;15;3;1024;0;15898.04198;0.76252; 
4;15;3;1024;0;15870.44211;0.75861; 
5;15;3;1024;0;15741.94065;0.76464; 
6;15;3;1024;0;15807.52766;0.76698; 
7;15;3;1024;0;15754.03035;0.80294; 
8;15;3;1024;0;15584.01726;0.76061; 
9;15;3;1024;0;15624.04385;0.79732; 
10;15;3;1024;0;15700.13328;0.75533; 
11;15;3;1024;0;15717.44963;0.79910; 
12;15;3;1024;0;15512.80863;0.76301; 
13;15;3;1024;0;15940.35344;0.77038; 
14;15;3;1024;0;15922.56936;0.76217; 
15;15;3;1024;0;15932.18611;0.79627; 
16;15;3;1024;0;15510.32003;0.75952; 
17;15;3;1024;0;15506.42392;0.76130; 
18;15;3;1024;0;15892.88590;0.76876; 
19;15;3;1024;0;16049.49572;0.76334; 
20;15;3;1024;0;15648.05549;0.76938; 
21;15;3;1024;0;16060.78408;0.76494; 
22;15;3;1024;0;15632.80458;0.76057; 
23;15;3;1024;0;15491.43730;0.80389; 
24;15;3;1024;0;16035.19660;0.85066; 
25;15;3;1024;0;16086.84661;0.82058; 
26;15;3;1024;0;15418.75702;0.80509; 
27;15;3;1024;0;15943.31671;0.81781; 
28;15;3;1024;0;16014.73906;0.76465; 
29;15;3;1024;0;15788.61631;0.76986; 
30;15;3;1024;0;15820.45530;0.76526; 
1;15;3;2048;0;15851.50030;0.77044; 
2;15;3;2048;0;15576.26333;0.78737; 
3;15;3;2048;0;16117.04608;0.82061; 
4;15;3;2048;0;15789.24098;0.77112; 
5;15;3;2048;0;15274.84429;0.78192; 
6;15;3;2048;0;15765.05668;0.77056; 
7;15;3;2048;0;15884.94668;0.81363; 
8;15;3;2048;0;15745.25743;0.77147; 
9;15;3;2048;0;15787.52354;0.81840; 
10;15;3;2048;0;14987.59168;0.77783; 
11;15;3;2048;0;15889.60553;0.80461; 
12;15;3;2048;0;14953.13042;0.77375; 
13;15;3;2048;0;15615.67296;0.81463; 
14;15;3;2048;0;15726.71863;0.77076; 
15;15;3;2048;0;15907.71267;0.79931; 
16;15;3;2048;0;15776.76434;0.77649; 
17;15;3;2048;0;15662.64765;0.77025; 
18;15;3;2048;0;15770.50456;0.77458; 
19;15;3;2048;0;15299.35074;0.77740; 
20;15;3;2048;0;15651.22782;0.77063; 
21;15;3;2048;0;15619.00501;0.77550; 
22;15;3;2048;0;15749.44363;0.80258; 
23;15;3;2048;0;15672.55885;0.77094; 
24;15;3;2048;0;15712.55341;0.78744; 
25;15;3;2048;0;15178.62855;0.77756; 
26;15;3;2048;0;15405.74296;0.81730; 
27;15;3;2048;0;15582.84984;0.77596; 
28;15;3;2048;0;16039.62928;0.81344; 
29;15;3;2048;0;15535.56141;0.77006; 
30;15;3;2048;0;15189.92699;0.80969; 
1;15;3;4096;0;15271.14259;0.91056; 
2;15;3;4096;0;15326.85890;0.94267; 
3;15;3;4096;0;15652.94314;0.91341; 
4;15;3;4096;0;15502.30403;0.92563; 
5;15;3;4096;0;15523.01863;0.91583; 
6;15;3;4096;0;15518.71929;0.91425; 
7;15;3;4096;0;15067.49225;0.91246; 
8;15;3;4096;0;15324.26477;0.91468; 
9;15;3;4096;0;15596.78677;0.90918; 
10;15;3;4096;0;15630.40782;0.91593; 
11;15;3;4096;0;15588.07624;0.94271; 
12;15;3;4096;0;15656.33484;0.91303; 
13;15;3;4096;0;15327.14259;0.94483; 
14;15;3;4096;0;15489.31395;0.91084; 
15;15;3;4096;0;14811.53996;0.91081; 
16;15;3;4096;0;15413.84966;0.91205; 
17;15;3;4096;0;15544.98343;0.91240; 
18;15;3;4096;0;15784.61147;0.92557; 
19;15;3;4096;0;15681.83225;0.91698; 
20;15;3;4096;0;15902.13709;0.92268; 
21;15;3;4096;0;15485.24350;0.92078; 
22;15;3;4096;0;15753.37989;0.93757; 
23;15;3;4096;0;15779.81842;0.92258; 
24;15;3;4096;0;15818.52688;0.95768; 
25;15;3;4096;0;14821.63971;0.91846; 
26;15;3;4096;0;15565.86048;0.96115; 
27;15;3;4096;0;15638.87248;0.91981; 
28;15;3;4096;0;15714.15777;0.92245; 
29;15;3;4096;0;15326.24136;0.93700; 
30;15;3;4096;0;15641.05187;0.96764; 
1;15;3;8192;0;15473.13194;1.72525; 
2;15;3;8192;0;15183.75020;1.72044; 
3;15;3;8192;0;15151.94481;1.71881; 
4;15;3;8192;0;15576.01256;1.72513; 
5;15;3;8192;0;15207.41919;1.72009; 
6;15;3;8192;0;15446.54749;1.71727; 
7;15;3;8192;0;15681.04784;1.72331; 
8;15;3;8192;0;15576.05670;1.72286; 
9;15;3;8192;0;15547.81687;1.73420; 
10;15;3;8192;0;15741.49052;1.73562; 
11;15;3;8192;0;15600.03838;1.73586; 
12;15;3;8192;0;15348.20742;1.72938; 
13;15;3;8192;0;15761.52111;1.77203; 
14;15;3;8192;0;15371.86334;1.74050; 
15;15;3;8192;0;15540.57146;1.75459; 
16;15;3;8192;0;15631.88238;1.80402; 
17;15;3;8192;0;15297.83642;1.78231; 
18;15;3;8192;0;15503.63063;1.78488; 
19;15;3;8192;0;14984.17392;1.78274; 
20;15;3;8192;0;15251.15367;1.75533; 
21;15;3;8192;0;14972.81917;1.75825; 
22;15;3;8192;0;15681.42877;1.74661; 
23;15;3;8192;0;15321.57671;1.77360; 
24;15;3;8192;0;15386.08133;1.76226; 
25;15;3;8192;0;15492.50303;1.73155; 
26;15;3;8192;0;15467.80589;1.72810; 
27;15;3;8192;0;15284.56606;1.73140; 
28;15;3;8192;0;15299.63530;1.73893; 
29;15;3;8192;0;15448.99787;1.73158; 
30;15;3;8192;0;14906.03393;1.73459; 
