Runs; Iterations;Problem;ants;BestSequence;RouteDistance;Time;

1;15;5;1024;183,176,182,177,175,184,178,179,180,173,172,181,174,187,188,189,190,191,186,192,185,195,194,193,197,196,167,166,107,118,109,117,112,120,122,108,104,103,102,101,100,77,79,78,91,90,92,93,80,97,96,83,67,55,58,42,41,85,70,68,57,59,66,72,69,52,82,81,73,65,60,53,44,61,45,29,31,35,32,33,34,50,38,46,51,64,89,88,75,94,76,63,62,48,47,49,25,24,23,20,26,28,22,18,17,19,21,27,30,36,37,54,43,84,71,74,87,98,86,99,56,40,39,15,16,13,14,0,3,4,2,5,6,1,11,12,10,9,8,7,95,105,106,110,115,111,114,121,116,113,119,129,132,141,137,152,146,148,147,151,150,135,134,133,131,140,142,145,144,149,160,161,159,156,155,154,153,157,158,138,123,139,136,127,126,169,125,143,128,124,168,130,162,163,164,165,171,170,;23334.18213;0.890000; 
2;15;5;1024;173,174,175,180,176,184,183,179,177,193,178,194,195,197,196,187,182,181,189,190,186,185,192,191,188,172,170,126,129,130,141,132,131,133,128,134,135,140,142,143,145,148,152,160,151,161,144,149,147,146,139,150,163,162,165,164,127,136,171,169,125,168,124,119,117,118,114,112,110,109,106,105,111,108,107,120,121,90,91,79,78,51,63,76,92,101,93,100,95,88,97,98,99,84,96,87,81,82,74,80,61,45,50,75,46,64,89,94,77,47,48,62,49,33,35,38,26,25,23,24,32,31,29,28,27,22,17,18,19,20,21,30,37,44,36,55,58,67,71,83,69,59,66,72,73,54,43,53,60,52,65,86,85,68,70,56,42,41,57,40,39,15,16,13,14,0,2,1,6,5,4,3,9,10,11,12,8,7,34,102,103,113,104,116,115,123,138,122,156,155,153,154,157,158,159,137,166,167,;23063.69112;0.810000; 
3;15;5;1024;174,196,195,194,197,183,184,176,180,177,193,178,179,175,172,173,167,166,106,78,79,62,48,47,46,38,49,77,76,75,100,80,101,95,89,88,65,52,61,32,51,53,60,73,81,74,83,58,71,67,66,59,70,84,85,99,86,87,96,97,64,93,102,103,90,91,92,63,94,50,35,36,31,28,29,27,26,25,24,21,33,20,19,17,22,37,30,44,54,55,43,42,41,56,57,68,40,13,14,16,15,39,10,11,12,9,8,7,4,3,5,6,1,2,0,18,23,34,45,69,72,98,82,104,113,105,111,112,109,110,117,118,119,108,107,124,168,133,139,141,142,144,143,128,135,145,146,147,159,160,161,152,151,148,134,132,131,130,129,169,126,125,122,115,116,120,121,114,138,123,140,150,162,163,171,164,165,136,127,170,149,137,158,157,156,155,154,153,181,182,187,190,189,188,185,191,192,186,;22991.59317;0.810000; 
4;15;5;1024;111,113,110,109,117,116,120,115,114,112,103,102,101,93,94,89,88,64,73,81,61,52,43,41,42,56,57,71,55,54,59,69,72,99,68,70,66,58,84,67,97,87,82,74,45,51,46,34,33,36,31,29,27,23,24,25,26,38,50,49,47,48,62,92,78,90,79,63,77,76,75,96,95,60,65,53,44,37,30,35,32,21,22,13,40,39,15,16,14,28,20,18,17,19,0,4,3,2,1,6,5,8,9,10,11,12,7,83,86,98,85,80,100,91,106,107,168,130,125,132,134,140,147,159,149,151,148,141,146,139,142,144,145,150,136,169,126,127,128,135,133,129,131,137,152,160,161,162,165,164,163,143,171,170,124,123,108,118,122,119,121,104,105,166,167,138,158,153,154,155,156,157,172,173,175,181,182,180,176,174,177,178,184,179,183,193,194,196,197,195,186,185,192,191,190,187,188,189,;23394.82506;0.890000; 
5;15;5;1024;174,183,184,179,177,175,173,172,176,182,187,190,189,180,178,193,197,195,194,196,186,192,191,185,181,188,171,142,145,162,163,150,144,143,140,131,132,129,168,125,124,136,128,126,169,134,133,139,141,159,160,147,151,161,149,148,146,137,138,157,156,154,153,155,158,152,135,130,123,110,105,106,111,112,91,79,77,50,49,32,36,35,37,53,60,52,61,45,51,73,82,72,70,99,81,96,71,83,66,68,56,41,43,44,54,59,58,42,55,57,98,86,69,84,85,87,97,88,74,65,89,95,94,92,101,100,103,102,90,78,62,48,47,46,38,34,25,26,33,31,30,29,28,27,22,18,20,23,24,17,21,19,16,15,14,13,40,67,0,4,1,5,6,2,3,7,8,10,9,11,12,39,63,64,93,80,75,76,104,113,108,119,118,117,120,121,114,115,116,109,107,166,167,122,127,170,165,164,;23603.35401;0.800000; 
6;15;5;1024;145,144,148,140,139,141,136,146,147,152,161,160,159,151,142,132,131,130,129,125,169,134,124,168,127,126,128,135,149,150,143,133,137,123,122,117,114,102,91,90,79,78,64,96,92,101,93,94,89,95,73,81,82,87,75,77,63,47,62,49,48,50,34,25,24,26,29,33,32,36,35,30,37,43,55,67,84,85,68,70,86,98,59,54,56,41,42,53,60,88,83,72,69,66,58,71,57,40,39,13,14,16,15,19,17,23,20,18,22,21,28,27,45,38,51,46,76,100,74,65,61,52,44,31,0,4,5,2,6,1,3,9,8,12,11,10,7,99,97,80,103,104,112,106,105,110,107,119,118,109,108,113,111,121,116,115,120,153,138,156,155,154,157,158,162,163,164,165,171,170,166,167,172,175,174,180,182,183,185,191,192,186,179,177,184,193,178,176,173,197,196,195,194,187,190,189,188,181,;23230.91681;0.850000; 
7;15;5;1024;165,164,151,142,140,133,131,130,129,168,169,127,170,126,132,144,152,147,146,141,136,143,128,135,134,139,145,148,161,160,159,158,157,156,155,154,153,121,114,115,116,112,105,106,109,110,108,107,118,119,123,125,124,122,138,117,103,104,91,102,92,100,94,93,81,73,97,87,64,61,89,88,82,44,53,60,65,72,83,71,98,86,69,66,67,58,55,41,59,54,70,68,99,85,84,57,56,42,43,30,29,27,31,35,38,45,32,33,26,47,48,49,63,76,77,78,90,79,75,51,46,80,74,95,96,52,36,37,28,23,20,24,21,22,13,14,39,15,16,40,9,8,7,12,11,10,4,3,5,6,1,2,0,17,18,19,25,34,50,62,113,111,166,167,101,120,137,149,150,162,163,171,172,175,182,177,174,186,191,192,185,181,180,176,193,178,184,179,173,183,195,194,196,197,188,187,190,189,;23095.57433;0.860000; 
8;15;5;1024;189,187,188,176,180,182,174,184,193,178,179,183,190,186,185,192,191,194,195,196,197,173,177,175,172,181,170,124,123,168,132,139,140,141,148,145,144,146,125,133,131,129,128,136,171,149,151,161,160,152,147,150,162,163,164,165,127,134,135,143,142,159,137,122,115,114,104,103,91,90,78,79,62,50,45,33,38,46,51,52,81,88,96,93,100,101,92,94,63,76,77,49,48,47,35,34,61,64,65,60,72,58,70,68,55,43,54,59,67,66,69,83,98,86,71,84,85,99,97,82,73,53,42,56,57,41,36,31,30,37,32,28,27,29,20,23,24,25,26,22,18,21,17,19,16,15,14,13,40,39,11,10,9,8,12,7,6,1,5,3,4,2,0,44,74,89,95,80,75,87,102,112,111,106,105,118,117,110,119,130,126,169,107,108,109,116,120,138,154,157,156,158,155,153,121,113,166,167,;23130.80477;0.870000; 
9;15;5;1024;107,108,109,106,110,111,105,113,112,116,115,117,118,120,121,91,90,63,75,51,46,25,26,33,32,27,34,45,52,61,80,94,101,93,100,62,48,47,77,76,79,102,103,104,92,89,87,65,73,81,69,72,83,99,85,84,70,68,57,41,55,59,54,43,44,53,60,88,98,82,97,96,95,74,86,71,67,58,66,42,30,37,29,35,36,31,24,23,20,21,22,13,14,56,40,39,10,9,8,7,12,11,0,6,1,2,5,3,4,15,16,18,19,17,28,38,50,49,78,64,114,138,124,168,126,169,135,134,140,151,152,147,161,160,159,149,144,145,142,146,125,130,128,136,143,148,141,139,133,131,132,129,137,157,155,156,154,153,158,122,119,123,127,170,171,162,150,163,165,164,166,167,172,175,176,177,179,183,182,180,174,173,191,192,185,186,190,187,178,193,184,194,197,196,195,181,188,189,;23187.46487;0.800000; 
10;15;5;1024;128,169,126,125,168,124,140,142,139,134,132,129,130,131,133,146,144,145,141,123,122,119,118,117,116,121,114,115,106,91,79,63,76,77,90,93,94,100,101,92,80,52,45,50,48,62,47,46,51,38,32,33,25,26,24,20,23,28,27,30,36,35,31,29,22,13,42,55,43,54,59,58,71,72,60,44,53,61,82,73,81,74,95,89,75,64,88,97,65,87,69,86,66,56,57,68,41,40,37,67,85,99,84,70,83,98,96,0,5,3,4,2,1,6,10,9,8,7,11,12,39,14,16,15,17,18,21,19,34,49,78,104,105,112,113,108,109,107,102,103,111,110,166,167,170,136,143,149,161,151,148,147,152,160,159,157,155,156,153,154,158,138,120,137,135,127,171,162,163,165,164,150,172,175,176,180,182,184,183,177,179,178,193,186,192,185,191,189,187,190,188,181,174,195,196,197,194,173,;23037.14824;0.810000; 
11;15;5;1024;187,188,181,178,193,177,179,182,180,176,174,184,183,185,186,192,191,190,189,172,173,175,196,197,195,194,164,165,171,135,169,168,131,133,134,140,143,144,142,161,151,147,146,141,152,150,162,163,136,128,127,126,125,124,132,129,130,139,148,145,160,149,159,137,138,153,155,156,157,154,158,122,115,116,101,92,94,51,45,27,29,33,34,49,75,64,61,87,59,66,72,68,67,58,54,55,41,56,42,69,84,71,65,52,32,31,28,30,37,44,53,74,83,86,98,57,70,85,99,97,96,89,95,81,73,82,88,80,63,79,90,91,78,62,48,47,50,46,35,38,60,43,36,26,25,24,23,22,20,19,18,17,21,15,16,13,14,39,40,10,7,11,9,8,12,0,6,1,5,3,2,4,76,77,100,103,102,93,104,112,113,105,106,110,107,108,109,117,119,118,120,121,114,123,111,166,167,170,;23594.44585;0.800000; 
12;15;5;1024;146,140,145,147,152,151,161,162,165,164,136,150,144,142,134,128,169,129,124,168,122,117,118,114,120,121,115,116,110,105,106,111,112,113,104,79,78,80,93,92,100,101,102,103,90,91,77,76,75,63,48,34,33,35,36,54,58,66,59,55,42,41,57,68,70,71,87,69,82,60,37,28,26,20,24,25,21,23,19,18,17,22,15,16,14,13,31,32,29,30,53,44,73,65,64,61,45,52,51,50,74,94,88,81,95,89,96,97,86,98,83,43,67,72,84,99,85,56,12,11,10,7,8,9,39,40,0,1,6,2,5,4,3,27,38,46,47,49,62,107,108,109,119,132,135,126,143,125,130,131,133,141,139,148,137,138,156,155,154,153,158,157,149,160,159,123,127,163,171,170,166,167,172,173,176,178,193,194,195,196,197,180,182,188,187,184,177,179,183,192,185,191,186,190,189,175,174,181,;23301.49002;0.810000; 
13;15;5;1024;125,139,135,140,133,131,130,132,134,129,128,126,170,127,169,124,168,141,146,145,152,147,158,157,156,155,154,153,120,118,106,105,112,111,109,108,107,110,116,114,115,122,138,119,117,121,103,102,90,91,76,75,64,45,51,50,44,53,60,55,66,72,67,58,42,56,41,86,83,98,96,100,101,92,94,93,46,34,38,25,23,24,17,26,27,29,32,30,37,31,36,35,28,61,74,87,81,97,89,88,73,82,59,54,43,71,57,68,70,84,99,85,65,69,52,33,21,18,19,16,15,13,14,39,40,12,11,10,9,8,7,5,1,2,6,4,3,0,22,20,49,47,48,78,79,63,77,95,80,62,104,113,123,137,160,159,148,151,143,144,142,161,136,150,149,163,165,164,171,162,166,167,172,174,177,179,183,184,178,193,176,180,182,181,188,187,189,190,191,192,195,194,197,196,185,186,175,173,;23262.04304;0.810000; 
14;15;5;1024;136,150,149,142,146,140,135,134,133,130,129,123,138,154,153,155,156,157,158,137,139,131,152,159,147,151,148,161,160,144,143,141,145,125,124,122,115,114,104,113,112,111,110,106,105,103,102,92,101,93,100,94,97,83,72,60,53,55,54,36,35,46,33,32,49,51,38,50,79,78,91,90,77,76,88,87,61,81,74,73,69,86,98,99,84,70,68,57,41,43,37,30,28,27,26,29,22,31,45,52,75,95,64,63,62,48,47,34,20,23,24,25,21,14,13,16,15,17,18,19,0,1,6,5,2,3,4,11,10,8,9,7,12,40,56,67,66,59,58,44,65,82,96,71,85,42,39,80,89,107,108,109,118,121,120,116,117,119,126,169,128,170,171,165,164,162,163,127,132,168,166,167,172,175,176,183,179,184,178,193,177,174,173,180,182,181,188,190,189,187,185,191,192,186,194,195,196,197,;23021.16952;0.790000; 
15;15;5;1024;124,168,132,141,146,145,148,144,143,128,125,129,130,131,133,134,139,135,140,142,147,152,159,160,157,154,153,156,155,158,137,122,110,106,111,105,112,113,104,101,95,88,89,82,97,96,67,55,54,59,66,72,69,71,83,68,56,57,41,42,58,60,37,30,36,61,51,50,46,38,26,28,29,31,32,49,63,77,76,79,78,91,102,90,48,47,62,34,45,52,53,44,43,84,99,85,70,87,73,81,65,98,86,74,80,94,93,100,92,75,64,35,25,20,23,22,27,13,14,15,16,39,40,12,11,10,8,9,7,4,3,2,5,6,1,0,17,19,18,21,33,24,103,109,108,107,116,114,115,120,121,138,118,119,117,123,126,127,169,136,150,149,162,163,165,164,171,170,151,161,166,167,172,173,174,176,183,179,184,178,193,177,196,191,192,186,185,197,194,195,188,190,189,187,180,175,181,182,;22683.74870;0.800000; 
16;15;5;1024;147,151,152,161,148,145,140,133,132,144,149,159,160,142,141,146,124,119,118,117,111,112,105,110,109,116,113,92,93,100,94,64,50,49,47,33,32,31,44,73,65,60,61,52,38,80,75,76,77,79,78,90,91,102,103,95,87,97,96,88,81,72,70,42,58,55,56,41,67,69,66,59,43,45,30,36,35,29,27,26,25,24,23,20,51,53,83,86,98,71,68,57,84,99,85,54,37,28,21,18,22,15,16,14,13,39,11,12,9,8,7,10,40,0,2,5,6,1,4,3,17,19,34,48,62,63,89,82,74,46,101,104,115,120,114,121,123,168,129,131,169,125,126,134,139,135,128,143,171,164,165,150,163,162,136,127,170,130,137,138,153,154,156,155,157,158,122,108,107,106,166,167,172,173,174,180,176,182,175,188,187,190,189,184,179,177,178,194,195,197,196,185,192,191,186,183,193,181,;23442.70391;0.810000; 
17;15;5;1024;133,135,140,134,136,163,144,141,139,142,147,146,152,132,130,129,125,124,168,123,137,158,157,156,155,154,153,121,115,116,120,114,113,104,110,109,108,107,119,118,117,105,106,111,112,103,102,93,101,77,80,76,63,64,45,52,61,73,82,60,65,59,58,55,54,35,28,29,46,51,50,38,34,25,20,23,21,16,15,14,13,41,56,57,70,68,85,99,83,86,87,97,96,88,81,74,89,95,94,92,100,90,91,78,79,62,48,49,47,33,31,30,36,53,44,42,37,43,71,69,66,72,67,84,98,0,6,1,5,2,3,4,8,9,7,10,11,12,39,40,17,18,26,24,22,27,32,19,75,122,138,159,145,148,151,161,149,150,143,128,127,169,126,170,171,165,164,162,131,160,166,167,172,176,184,179,183,197,194,195,196,180,182,177,193,178,174,173,175,185,186,191,192,187,188,190,189,181,;23325.88791;0.810000; 
18;15;5;1024;110,106,105,111,104,113,112,103,101,75,50,34,51,44,37,31,35,30,28,33,29,27,21,26,24,19,18,17,22,36,65,66,67,72,69,58,55,42,43,82,89,95,94,88,96,97,98,86,99,85,68,57,54,83,71,70,84,41,56,59,53,60,64,74,52,45,38,25,46,61,73,87,81,80,79,91,90,78,48,63,77,76,49,47,23,20,13,14,16,15,39,40,12,9,8,10,11,7,5,6,1,2,3,4,0,32,62,100,93,92,102,115,114,121,120,122,137,131,132,139,145,148,152,160,161,144,146,151,149,150,143,142,141,147,159,158,155,154,156,157,153,138,123,124,125,169,126,127,130,129,128,134,133,140,135,136,163,162,164,165,171,170,168,117,118,119,116,108,107,109,166,167,172,184,178,193,183,179,176,180,182,175,174,187,190,191,185,192,186,196,194,197,195,189,188,181,173,177,;23054.78348;0.800000; 
19;15;5;1024;135,140,133,134,132,142,141,139,145,144,150,162,165,164,163,171,170,126,169,127,136,143,146,147,148,151,152,159,160,161,149,129,131,130,128,125,168,124,118,117,116,114,115,121,120,122,110,109,105,111,112,104,113,79,90,91,49,50,77,76,93,101,95,92,94,100,75,51,53,44,35,36,30,31,27,29,13,14,40,42,67,72,83,58,66,69,98,86,60,43,54,55,59,71,84,85,70,68,57,41,56,99,74,61,52,88,96,97,89,87,82,73,65,81,64,45,38,34,33,37,28,32,23,24,25,26,22,21,18,17,15,16,39,10,8,9,12,11,7,5,2,6,1,4,3,0,19,48,47,46,63,80,20,62,78,102,103,106,107,108,119,123,138,158,157,155,153,154,156,137,166,167,172,177,179,183,189,188,190,187,176,180,182,194,193,178,184,186,192,191,185,181,175,174,173,197,196,195,;23171.13477;0.800000; 
20;15;5;1024;169,126,127,128,143,136,135,131,133,129,125,168,124,118,104,103,102,101,92,93,100,95,89,88,96,74,52,44,53,60,65,73,81,97,98,83,72,69,70,68,57,42,43,55,67,58,86,71,84,85,99,41,54,59,66,82,87,61,51,45,50,64,63,48,34,38,29,22,21,25,20,23,26,27,33,32,36,35,31,28,37,30,13,14,16,15,17,18,19,24,46,47,91,90,78,113,112,109,108,106,111,105,115,121,117,120,116,114,110,62,49,80,75,94,76,77,79,0,2,6,1,5,4,3,9,8,11,10,12,56,40,39,7,107,119,122,123,139,140,134,141,146,148,151,160,159,142,149,150,162,163,164,165,171,144,145,152,147,137,157,156,154,155,153,138,158,161,130,132,166,167,170,172,182,180,176,174,181,188,189,187,190,179,183,184,177,193,178,186,191,192,185,194,195,196,197,173,175,;23544.71075;0.800000; 
21;15;5;1024;17,18,19,20,23,21,46,50,75,76,63,101,92,100,91,103,102,93,80,95,89,88,82,97,96,83,86,98,99,85,71,72,69,61,52,45,51,74,64,38,29,32,31,36,35,33,26,25,27,22,28,44,53,58,59,54,60,65,66,67,70,68,56,57,43,55,73,81,87,84,41,42,37,30,13,14,15,16,39,40,11,10,9,8,7,12,0,1,5,6,2,3,4,24,47,79,90,78,77,48,49,34,62,94,104,113,112,111,117,110,106,105,109,108,114,115,116,121,120,122,138,141,133,130,131,132,135,145,146,144,143,140,128,134,129,139,142,136,149,151,161,159,160,152,147,148,150,162,163,165,164,171,169,126,127,125,123,168,124,119,118,107,167,166,137,158,157,155,156,153,154,170,172,182,193,184,178,183,179,177,185,186,191,192,194,195,196,197,173,175,174,176,180,190,188,181,187,189,;23232.28944;0.800000; 
22;15;5;1024;112,118,119,125,124,168,130,133,139,141,145,144,148,147,160,159,149,150,161,151,143,152,142,131,137,157,158,156,155,153,154,138,116,115,114,103,102,75,76,77,101,93,94,80,88,82,96,97,87,81,61,60,44,53,58,67,69,59,66,72,83,98,86,84,57,68,85,71,42,13,14,36,29,28,31,32,38,35,30,37,55,54,43,41,65,73,74,89,92,78,79,90,63,62,48,47,45,51,64,50,34,33,26,25,24,22,27,20,23,21,16,15,39,40,70,99,56,12,11,9,8,7,10,4,3,2,6,1,5,0,18,17,19,49,46,52,91,100,95,104,113,105,106,110,108,109,107,111,120,121,122,123,135,128,126,169,170,132,134,140,129,136,127,171,165,164,163,162,146,117,166,167,172,175,181,182,180,193,178,179,183,184,177,176,174,173,188,187,190,185,192,191,186,195,197,196,194,189,;23541.58630;0.810000; 
23;15;5;1024;174,182,180,176,181,188,189,190,187,194,197,196,195,184,183,179,177,193,178,186,185,192,191,175,172,173,167,166,110,112,102,92,100,101,94,93,80,75,76,77,63,34,32,33,29,44,60,37,35,31,43,36,52,61,50,64,51,46,38,45,27,26,24,25,30,21,23,20,18,19,14,13,53,73,95,89,88,96,97,72,69,66,58,98,86,83,42,41,54,71,67,56,59,55,70,68,85,57,84,99,82,87,81,65,74,0,3,2,4,6,1,5,12,11,10,8,9,7,40,39,16,15,28,22,17,47,49,48,62,79,78,103,104,90,91,113,111,105,119,114,115,138,130,131,133,139,134,140,132,129,126,169,125,124,168,108,109,118,117,107,106,116,120,121,122,123,128,149,144,141,142,148,151,161,160,147,146,145,152,159,158,154,155,153,156,157,137,135,136,162,163,164,165,171,170,127,143,150,;23163.70162;0.810000; 
24;15;5;1024;194,173,179,174,172,175,176,177,193,178,184,183,180,182,181,187,188,189,190,186,185,192,191,195,196,197,170,129,130,132,151,161,160,159,152,162,163,164,165,149,150,144,143,141,139,133,131,135,125,124,134,140,142,145,148,147,146,128,169,126,127,168,118,119,108,109,107,117,115,110,111,105,106,116,121,78,79,62,47,48,46,51,45,36,52,61,81,96,87,97,69,66,60,53,37,30,35,31,44,65,74,64,76,63,77,75,50,49,90,91,92,101,100,93,80,89,88,95,73,82,83,72,58,55,42,41,56,57,68,70,54,59,67,84,85,99,98,86,71,43,0,1,6,2,3,5,4,39,15,16,28,29,32,33,26,25,24,20,23,19,18,21,27,17,22,14,13,40,11,12,10,9,8,7,34,38,94,102,103,104,112,113,122,137,157,158,155,154,153,114,120,123,138,156,136,171,166,167,;23464.57412;0.800000; 
25;15;5;1024;150,163,151,152,147,145,144,161,146,141,139,132,133,142,148,149,159,160,135,140,134,131,130,129,168,125,124,127,169,126,123,122,118,119,108,109,110,105,106,166,112,111,113,104,102,103,79,91,90,75,61,74,52,53,45,34,51,46,38,49,50,80,93,94,89,88,92,101,63,64,65,96,97,86,83,42,66,58,54,67,71,72,55,43,60,44,36,37,31,29,30,27,25,23,28,32,26,24,20,19,18,17,13,14,40,39,41,56,57,68,70,99,85,84,98,69,59,73,82,87,81,95,77,76,100,48,47,78,62,33,35,21,22,16,15,0,1,6,5,4,3,2,7,9,8,11,10,12,107,117,116,120,121,114,115,138,158,157,155,154,153,156,137,128,143,136,170,165,164,171,162,167,172,175,173,174,180,182,176,177,179,183,184,189,190,187,185,192,191,186,193,178,195,197,196,194,188,181,;23311.23512;0.810000; 
26;15;5;1024;46,50,38,64,53,44,31,30,37,54,55,72,66,67,69,73,65,60,87,82,81,74,61,52,45,33,32,51,75,76,93,92,79,62,63,89,80,95,101,94,77,90,100,96,88,97,86,83,71,85,98,99,68,70,84,56,57,42,41,58,43,59,36,29,28,26,21,35,27,22,25,23,20,24,19,18,17,15,16,14,13,39,40,10,11,12,9,8,7,6,1,2,4,3,5,0,34,47,49,48,78,91,102,103,104,111,112,113,106,105,110,109,119,118,117,123,128,132,133,134,142,141,143,144,162,146,145,140,139,147,160,152,151,148,149,150,131,130,129,125,124,168,126,169,127,170,135,136,171,165,164,163,161,159,158,153,154,155,156,157,138,114,115,120,116,121,108,107,166,122,137,167,172,173,177,178,193,179,184,183,189,187,190,181,175,180,182,176,174,191,192,186,185,195,194,197,196,188,;22984.77252;0.810000; 
27;15;5;1024;125,168,134,132,129,130,131,133,139,135,144,149,150,148,146,141,142,124,123,137,160,152,147,162,171,136,169,128,143,145,151,161,158,156,155,157,154,121,115,116,120,117,118,111,113,100,101,79,91,78,90,94,93,49,62,48,47,51,61,52,89,74,73,72,98,86,83,70,71,58,55,66,67,43,54,59,69,96,81,97,87,82,88,92,77,63,76,75,38,46,35,36,53,44,65,64,50,34,28,23,24,25,26,27,29,31,22,32,30,37,42,41,56,57,68,85,99,84,60,45,33,20,21,18,19,17,13,14,16,15,39,40,12,11,9,10,8,7,3,5,6,1,2,4,0,80,95,102,103,104,110,106,112,105,109,108,114,122,119,107,166,167,170,127,126,140,159,138,153,163,165,164,172,175,173,193,184,176,174,177,180,182,178,179,183,186,185,192,191,188,189,190,187,196,197,195,194,181,;23645.39192;0.800000; 
28;15;5;1024;145,146,151,147,149,150,144,132,134,139,133,130,131,168,124,142,141,140,126,169,125,129,128,170,171,164,136,143,135,152,160,161,159,148,137,123,119,118,116,120,114,115,121,106,103,102,78,79,62,48,47,49,46,27,30,29,26,25,24,23,34,38,50,51,60,53,44,32,45,36,35,37,43,41,42,68,67,55,54,71,72,83,86,74,88,81,73,82,87,59,66,69,58,57,56,99,84,70,85,96,89,95,92,101,100,93,94,80,75,76,77,91,90,63,64,61,65,98,97,52,31,28,20,21,33,22,13,14,15,16,40,39,11,10,8,9,12,7,3,4,6,1,2,5,0,17,18,19,104,113,112,111,105,117,110,108,166,167,107,109,122,138,155,154,153,156,157,158,127,162,163,165,172,173,193,182,174,180,176,184,179,177,194,197,196,195,183,187,190,189,188,181,178,192,185,191,186,175,;23377.47286;0.800000; 
29;15;5;1024;189,190,187,184,177,179,183,182,174,175,180,176,181,188,186,191,192,185,194,197,196,172,173,193,178,195,165,126,169,132,140,142,134,135,146,147,145,141,139,131,130,129,133,143,136,150,162,163,149,161,148,151,152,144,125,124,168,108,110,106,105,111,113,79,78,91,90,93,92,80,63,76,75,77,94,100,101,74,73,66,67,58,55,59,54,43,36,32,27,33,35,45,46,50,49,47,34,24,51,38,25,26,22,21,17,19,28,31,29,30,37,44,53,60,61,65,81,82,98,86,83,72,69,87,88,89,96,95,64,52,0,5,6,1,3,4,2,7,10,11,12,8,9,85,84,70,68,57,56,40,39,14,16,15,20,23,18,13,41,42,71,97,99,48,62,102,103,104,112,117,115,114,121,120,119,118,116,123,137,157,156,154,153,155,158,160,159,138,122,109,107,166,167,170,127,128,171,164,;23290.64219;0.810000; 
30;15;5;1024;173,178,193,180,176,174,175,179,183,177,194,196,197,195,186,192,191,185,188,189,190,187,182,184,172,181,170,127,169,131,132,140,146,141,145,142,148,160,147,161,144,149,163,162,150,143,133,130,129,134,135,139,128,168,125,123,124,126,136,171,164,165,151,152,158,157,156,155,154,153,159,137,138,121,114,115,102,113,104,105,119,117,118,122,108,109,110,106,111,112,92,93,94,101,62,48,47,49,63,77,80,64,76,75,95,74,61,46,51,65,83,72,69,66,55,54,59,43,60,52,45,53,82,87,58,71,67,70,68,99,84,85,98,86,42,56,57,41,37,36,33,38,34,50,44,30,31,29,28,27,13,14,15,16,17,21,23,22,24,26,25,32,35,73,81,88,89,96,97,0,6,1,3,2,5,4,7,9,11,12,10,8,40,39,18,19,20,78,91,103,90,100,79,107,120,116,166,167,;23240.01711;0.810000; 
1;15;5;2048;180,183,177,176,174,193,178,184,179,182,195,194,197,196,181,188,187,190,189,191,192,185,186,175,172,173,171,134,139,133,130,144,142,141,146,147,145,152,149,160,137,140,159,151,143,150,162,163,164,165,126,127,170,168,124,135,132,131,129,125,123,122,118,116,115,120,121,114,112,111,105,103,104,113,78,91,92,93,100,94,101,90,79,77,63,76,74,64,89,95,88,81,87,82,73,65,45,27,29,28,37,31,30,35,36,44,53,59,54,58,84,70,67,69,83,72,68,71,86,98,97,96,61,51,50,62,48,49,47,34,38,46,52,33,26,21,23,25,24,20,17,22,16,15,13,14,40,39,10,9,11,12,56,55,42,41,57,43,60,66,99,85,0,3,4,5,2,1,6,7,8,18,19,32,75,80,102,106,109,108,119,107,110,117,138,155,154,153,156,157,158,161,148,136,128,169,166,167,;23496.19681;0.820000; 
2;15;5;2048;131,133,134,132,130,139,140,141,136,128,126,169,123,120,116,111,104,76,64,46,38,32,35,36,45,52,61,80,75,51,33,26,23,20,24,25,34,49,48,78,90,77,63,89,88,95,94,93,50,74,96,97,87,81,73,65,53,66,67,58,59,54,43,37,30,31,28,22,21,17,15,13,14,16,39,41,70,86,98,83,69,71,72,60,82,44,55,42,56,99,85,84,68,57,12,11,10,9,8,7,40,0,1,6,5,4,2,3,18,19,27,29,47,79,91,113,115,122,117,119,118,103,114,121,110,105,106,62,100,101,102,92,112,108,109,107,166,167,124,168,125,142,143,144,150,149,148,147,146,145,152,160,159,161,151,129,135,137,157,156,153,154,155,158,138,127,170,171,165,164,163,162,172,175,182,180,181,188,187,189,174,177,184,193,178,179,183,176,173,194,195,196,197,185,186,192,191,190,;23368.04503;0.810000; 
3;15;5;2048;124,131,130,129,144,149,148,147,135,161,151,160,159,141,142,145,134,140,139,132,123,168,128,150,143,162,163,165,164,152,146,126,169,125,122,117,119,118,110,109,108,104,105,91,92,93,100,95,81,61,59,58,55,69,72,71,86,83,82,87,97,96,88,74,64,80,38,46,45,51,65,37,33,32,29,27,31,35,30,44,53,73,66,54,43,56,57,68,84,70,41,42,40,39,16,15,22,25,50,63,75,76,77,49,47,48,62,78,79,90,102,101,103,94,89,52,60,36,28,21,23,24,26,34,20,19,18,17,13,14,0,6,1,5,2,3,4,10,9,8,7,12,11,85,99,98,67,106,111,113,116,121,114,115,120,137,156,155,153,154,157,158,138,133,136,127,171,170,107,112,166,167,172,174,173,175,189,188,180,176,179,178,177,193,183,184,191,192,185,186,196,197,194,195,190,182,181,187,;23685.11365;0.810000; 
4;15;5;2048;181,193,184,179,178,177,176,180,182,190,188,183,174,197,196,195,194,185,192,191,186,189,187,175,172,173,167,169,125,124,132,134,140,133,139,145,144,148,160,161,152,147,142,143,131,130,129,126,127,168,118,119,121,116,120,115,110,109,108,107,111,105,106,112,92,93,100,101,94,74,89,80,81,73,61,52,44,36,31,54,42,41,37,51,45,32,35,28,29,21,22,34,38,46,50,48,63,76,75,88,87,82,72,71,68,70,85,56,57,66,58,55,30,43,59,69,83,97,99,98,86,84,67,60,53,65,96,64,95,79,90,78,91,62,47,33,26,20,23,27,25,24,19,18,13,16,15,14,39,40,12,10,11,7,9,8,4,3,2,5,6,1,0,17,49,77,102,103,104,113,114,123,117,138,156,153,154,155,157,158,137,135,128,149,151,162,150,136,163,165,164,171,170,141,146,159,122,166,;23419.46459;0.810000; 
5;15;5;2048;127,148,147,152,161,145,146,142,143,144,134,139,129,130,131,132,135,133,141,159,160,150,162,151,140,149,136,128,126,169,124,168,125,123,119,117,118,110,113,112,111,102,80,75,51,50,48,49,45,46,65,60,53,44,82,87,71,72,69,59,55,36,35,52,61,73,64,74,81,66,83,54,43,42,57,56,41,68,67,58,85,84,98,86,99,70,97,96,88,89,95,77,90,91,101,92,103,105,106,108,107,167,166,122,120,114,116,115,121,100,93,94,79,62,63,76,47,38,29,32,33,37,30,28,31,27,20,21,23,26,25,24,19,17,18,16,15,13,14,39,40,12,8,7,9,11,10,4,3,2,5,6,1,0,22,34,78,104,109,137,157,156,155,154,153,138,158,163,164,165,171,170,172,180,181,193,178,183,179,177,184,186,191,192,185,187,188,189,190,176,174,175,173,196,195,194,197,182,;22898.50429;0.810000; 
6;15;5;2048;54,43,58,67,83,71,59,55,42,57,65,60,44,66,85,84,70,68,41,56,40,30,37,29,31,32,35,28,36,27,33,26,34,50,38,64,51,46,52,82,81,97,87,96,88,74,69,72,99,86,98,53,73,89,92,101,103,102,91,78,49,48,62,63,77,76,75,80,94,93,100,95,61,45,25,23,20,19,22,16,15,14,13,39,11,12,10,8,9,7,3,2,5,1,6,4,0,17,18,21,24,47,90,79,112,111,105,104,113,106,110,109,107,108,117,118,119,115,116,114,121,120,122,168,124,130,134,132,131,145,144,148,160,151,152,146,142,140,139,141,143,149,147,137,133,135,136,150,162,163,165,164,170,127,128,126,169,125,129,123,138,153,154,157,156,155,158,159,161,166,167,171,172,174,176,178,193,177,175,173,196,197,194,179,180,182,187,190,188,189,183,184,192,191,185,186,195,181,;23391.70164;0.810000; 
7;15;5;2048;148,146,141,139,140,142,145,159,151,147,152,134,133,135,132,130,125,168,131,129,128,136,150,143,149,161,160,144,162,163,164,165,170,171,127,126,169,124,123,118,119,117,122,105,106,110,115,114,121,78,79,90,103,92,91,63,77,76,74,65,73,61,88,95,64,75,80,100,93,101,94,89,97,60,53,44,32,29,28,22,21,25,20,24,19,17,30,54,43,69,72,83,67,59,58,55,41,42,56,84,85,99,70,68,57,98,86,71,66,82,81,96,87,52,45,46,38,51,34,33,26,23,47,48,62,113,104,111,112,109,107,108,120,116,102,49,50,36,35,31,37,27,18,16,15,14,13,39,40,12,11,10,9,8,7,5,2,4,3,1,6,0,137,138,157,155,153,154,156,158,166,167,172,182,181,180,176,175,173,174,187,183,179,177,178,193,197,196,195,194,184,188,189,190,186,192,185,191,;23254.85863;0.830000; GPUassert: an illegal memory access was encountered src/../include/musket.cuh 603

8;15;5;2048;srun: error: r13n05: task 0: Exited with exit code 188

9;15;5;2048;34,38,46,61,52,31,32,28,29,27,22,21,33,24,26,25,20,48,62,93,92,101,94,79,78,91,63,76,90,77,89,88,82,81,58,66,72,83,71,67,44,53,37,60,65,73,96,95,100,103,102,75,80,50,49,51,35,30,36,42,41,56,43,55,54,69,59,84,99,85,70,68,57,98,86,87,97,74,64,45,0,3,2,1,6,5,4,7,8,10,11,12,9,40,39,14,13,15,16,17,18,19,23,47,104,113,112,105,106,111,109,110,166,167,117,118,119,108,107,130,132,135,134,133,141,144,146,143,136,147,148,149,145,142,151,140,139,137,131,129,128,126,169,127,171,164,165,163,150,162,152,159,161,160,157,156,155,154,153,138,120,122,114,121,116,115,123,168,125,124,158,170,172,173,174,177,179,184,183,178,193,182,175,181,180,176,187,189,190,188,186,192,185,191,197,194,195,196,;23441.76928;0.810000; 
10;15;5;2048;91,90,79,77,38,52,45,64,75,76,89,81,82,74,73,65,54,37,30,44,72,71,66,69,59,58,41,42,55,56,68,57,84,99,83,98,86,96,97,87,53,60,61,33,32,24,29,28,35,27,25,26,21,23,20,19,18,17,14,16,15,13,39,40,43,70,67,85,12,11,9,10,7,8,3,5,2,1,6,4,0,22,31,36,51,47,34,50,49,63,48,62,78,103,102,113,115,121,114,112,106,105,111,109,108,107,124,125,147,146,145,143,144,142,141,149,151,152,130,132,133,134,140,139,131,129,128,169,126,127,136,171,165,164,163,162,150,148,160,159,161,135,168,122,119,118,117,116,120,138,156,153,154,155,158,157,137,123,110,104,93,92,101,100,94,80,95,88,46,166,167,170,172,173,180,182,175,196,197,195,183,177,179,174,176,181,188,189,190,187,178,193,186,192,191,185,194,184,;23426.53004;0.820000; 
11;15;5;2048;188,189,190,179,184,178,193,175,172,182,180,181,176,177,183,173,174,195,196,197,194,191,186,192,185,187,170,144,141,139,145,146,151,152,131,133,134,147,161,149,142,129,130,126,137,132,127,136,143,140,135,128,169,125,124,168,123,138,118,117,107,109,108,121,116,115,122,119,111,113,112,77,63,75,80,100,101,93,95,96,88,74,81,82,52,37,30,13,14,43,53,55,42,57,68,70,84,85,66,69,73,65,61,46,45,60,97,87,98,72,86,83,99,71,59,54,41,40,39,16,15,28,27,32,26,25,23,20,47,49,50,34,38,51,44,58,67,56,12,11,10,9,8,7,4,3,6,1,2,5,0,22,36,35,29,31,33,24,18,17,21,19,48,62,79,90,91,78,103,102,92,94,76,64,89,104,105,110,106,114,120,153,154,155,156,157,158,148,160,159,150,162,163,164,165,171,166,167,;23258.78617;0.820000; 
12;15;5;2048;150,140,134,133,135,132,129,131,130,160,159,152,147,146,142,145,144,128,126,123,139,141,143,149,161,151,148,162,163,164,165,136,171,170,127,169,125,168,124,122,117,109,108,106,105,121,115,116,120,114,113,110,111,112,104,103,102,91,80,45,38,25,26,34,47,49,48,62,94,100,92,93,96,82,73,60,36,61,52,74,64,75,63,77,79,78,90,46,50,51,35,27,28,29,30,55,54,66,59,67,72,69,98,86,83,71,85,84,99,41,42,40,14,13,16,15,39,10,11,9,8,7,57,68,70,58,43,37,44,53,31,32,33,24,20,23,18,17,21,22,19,0,4,5,2,3,1,6,12,56,65,97,87,89,81,88,95,76,101,107,167,166,119,118,138,157,155,154,153,156,158,137,172,175,174,184,180,176,182,183,177,179,191,192,186,185,193,178,194,195,196,197,173,181,188,187,190,189,;23047.44373;0.820000; 
13;15;5;2048;55,43,44,53,60,71,67,57,68,72,59,54,41,42,58,69,83,86,87,82,73,98,99,56,70,84,85,66,65,61,52,45,36,31,32,33,38,46,74,51,47,49,48,63,76,80,88,89,95,96,97,94,81,64,50,34,26,35,27,29,28,30,37,13,14,15,16,22,21,19,20,18,17,39,40,12,11,10,7,8,9,4,3,2,5,6,1,0,23,24,25,62,90,93,100,92,101,91,78,79,102,75,77,103,104,113,105,112,110,111,106,107,108,109,166,122,123,168,124,133,130,129,132,134,135,144,149,161,152,147,151,160,159,158,137,156,157,138,153,154,155,120,115,114,116,121,118,117,119,169,126,125,131,140,139,141,146,142,148,145,143,136,170,162,163,171,164,165,150,128,127,167,172,173,174,176,183,184,179,193,178,180,182,188,187,190,189,181,175,194,196,197,195,185,192,191,186,177,;23076.71771;0.810000; 
14;15;5;2048;164,165,163,136,135,140,131,139,144,143,145,151,152,158,154,153,155,156,157,130,125,129,133,141,147,146,148,137,123,168,128,126,127,169,132,134,160,159,149,142,161,150,162,171,170,124,119,118,117,111,105,106,112,113,104,107,108,109,110,122,116,115,114,92,90,91,78,79,102,103,80,94,100,101,93,75,64,51,44,52,53,60,65,82,67,83,71,42,41,66,72,69,97,87,98,86,89,88,61,74,81,96,73,58,43,54,55,59,57,56,70,84,85,99,68,12,11,9,10,8,7,40,37,30,31,36,35,32,33,34,46,38,45,63,76,77,95,50,49,48,62,47,24,23,25,26,27,22,28,29,21,19,17,18,20,13,14,16,15,39,0,5,4,3,2,1,6,120,121,138,166,167,172,175,193,176,182,180,184,177,183,174,173,189,188,181,178,194,197,196,195,185,186,191,192,179,187,190,;23506.76458;0.830000; 
15;15;5;2048;193,178,179,177,174,187,183,194,195,196,197,173,172,175,182,180,176,189,188,190,184,186,191,185,192,181,167,166,108,109,117,116,123,130,131,129,133,139,142,146,147,151,148,144,143,145,141,140,134,135,137,156,157,155,154,153,138,121,114,115,104,118,119,107,110,106,105,111,112,113,63,77,75,80,76,102,103,62,48,49,47,46,45,33,32,35,36,52,61,60,65,73,82,83,98,69,72,66,58,71,68,70,57,42,41,56,43,54,59,55,67,53,44,51,34,26,27,25,24,21,15,16,39,40,85,99,86,97,96,74,89,87,81,88,100,93,94,90,91,78,79,92,101,95,64,50,38,30,29,23,20,19,18,17,14,13,28,37,31,22,0,6,1,2,3,4,5,9,12,11,10,8,7,84,120,122,125,126,136,161,160,159,132,149,152,162,163,164,165,171,150,128,127,169,124,168,158,170,;23499.92625;0.810000; 
16;15;5;2048;170,149,135,134,140,131,133,142,139,141,145,132,123,129,130,124,168,125,126,169,127,171,164,165,143,136,146,147,144,148,151,150,161,160,152,159,138,119,118,117,121,114,115,116,120,122,111,112,105,106,109,108,113,103,101,100,94,93,92,79,90,77,75,49,46,38,26,25,20,23,27,31,36,35,50,45,52,51,32,33,34,62,80,89,88,81,82,64,63,76,78,91,48,47,24,22,18,19,21,44,53,60,65,69,66,58,67,59,54,43,41,57,68,70,56,84,71,86,83,72,98,97,87,96,61,74,73,55,42,37,30,28,14,13,15,16,17,29,0,1,2,5,6,3,4,9,8,7,12,11,10,39,40,85,99,95,102,104,107,110,166,167,128,137,158,156,157,153,154,155,162,163,172,180,193,183,179,177,184,178,176,173,175,174,196,195,194,197,182,181,189,188,187,190,191,192,185,186,;23319.63195;0.820000; 
17;15;5;2048;128,134,139,141,151,152,147,146,145,140,143,132,129,131,126,169,125,148,160,159,149,144,142,133,130,124,168,119,109,107,108,111,112,113,116,115,100,101,92,79,78,91,90,94,93,96,88,81,82,73,74,80,89,95,76,64,38,46,51,50,49,48,47,35,36,31,30,29,37,45,52,61,69,98,68,57,56,53,60,65,87,97,75,63,77,62,33,27,28,13,39,14,40,55,42,41,86,83,66,72,71,70,84,85,99,58,43,54,59,67,44,32,34,25,26,24,20,23,21,18,19,17,22,15,16,0,2,1,6,5,4,3,10,9,8,7,12,11,102,103,104,114,105,110,117,118,123,122,138,120,121,137,158,157,155,154,153,156,161,150,162,163,164,165,171,170,127,136,135,106,166,167,172,175,182,180,176,174,190,181,188,189,191,186,185,192,196,178,194,195,193,184,197,173,177,179,183,187,;23463.85063;0.820000; 
18;15;5;2048;140,139,141,133,131,135,134,145,148,158,157,138,155,154,153,120,114,115,122,119,121,108,107,110,109,106,111,112,113,104,92,100,101,102,103,76,80,89,75,51,52,61,44,65,60,43,56,41,59,58,67,66,69,72,71,99,84,70,68,57,85,86,98,82,73,83,88,81,96,97,87,74,64,46,50,93,94,79,91,90,63,47,62,48,78,77,49,34,38,33,32,31,30,36,29,27,26,25,24,23,20,18,15,16,13,14,28,37,42,55,54,53,45,35,22,21,19,17,39,40,9,10,11,12,7,8,4,3,6,2,5,1,0,95,105,116,117,118,125,124,130,129,132,126,128,143,144,149,151,160,152,161,159,147,146,142,168,123,137,156,127,169,136,150,162,163,164,165,171,170,166,167,172,175,179,183,177,180,182,176,173,174,193,178,184,186,185,197,195,196,194,189,190,187,191,192,188,181,;23246.35011;0.820000; 
19;15;5;2048;177,183,179,180,182,176,174,175,172,173,193,184,195,194,196,197,178,187,188,189,190,185,186,191,192,181,165,164,163,162,152,160,161,142,125,130,129,124,168,123,138,117,118,119,109,108,110,106,105,111,112,113,115,122,114,121,103,90,91,78,63,77,50,51,53,44,66,42,58,59,54,43,37,30,29,28,32,33,45,52,61,74,89,95,65,60,72,71,68,85,84,81,82,98,99,83,86,88,87,96,97,69,67,55,73,80,75,64,94,100,93,92,101,76,49,47,48,62,46,38,34,27,25,26,23,24,20,22,36,31,35,21,15,16,14,13,39,40,41,56,57,70,12,10,8,9,11,7,5,2,3,4,1,6,0,18,17,19,79,104,102,116,120,107,166,167,132,141,139,146,148,149,144,143,134,147,133,131,140,135,136,171,169,126,127,128,145,151,137,158,156,155,154,153,157,159,150,170,;22655.88136;0.830000; 
20;15;5;2048;183,179,177,193,178,184,175,180,182,190,187,189,181,176,174,186,191,192,185,195,197,196,194,188,172,173,167,123,108,109,106,105,111,112,115,116,117,120,121,114,113,92,93,75,80,64,88,87,73,52,74,81,45,46,38,25,23,21,27,29,34,47,49,48,62,51,61,32,33,26,20,24,63,76,77,101,100,94,82,69,66,72,60,54,58,59,83,86,98,71,67,55,56,41,42,40,44,35,36,37,43,68,70,57,85,99,84,96,97,89,65,53,30,31,28,22,18,19,15,16,14,13,39,12,11,8,10,9,7,5,6,3,4,2,1,0,17,50,79,91,78,90,95,102,103,104,110,124,131,132,149,151,160,147,161,152,142,140,144,141,133,137,134,135,129,130,168,125,169,126,128,171,170,127,136,150,143,148,145,139,146,159,158,157,156,155,154,153,138,122,119,118,107,166,162,163,164,165,;23366.38951;0.830000; 
21;15;5;2048;160,152,159,146,141,131,148,142,132,134,133,140,139,151,147,149,144,145,143,130,125,135,128,129,127,170,150,126,169,124,168,122,111,105,106,107,108,109,110,112,113,93,92,77,38,60,74,53,61,52,29,36,30,31,23,20,24,34,49,50,63,79,78,101,100,89,95,80,73,65,69,66,72,86,83,59,54,55,37,35,46,51,45,32,33,28,26,27,25,22,21,15,16,13,14,39,40,43,58,67,71,99,85,84,68,70,87,96,97,82,98,88,94,91,90,76,75,64,81,44,42,41,56,57,12,11,10,9,8,7,4,3,5,2,6,1,0,17,18,19,48,62,47,102,103,104,120,121,116,114,115,118,117,137,123,119,138,158,157,156,155,153,154,161,163,162,171,136,164,165,166,167,172,179,183,187,182,176,180,181,188,189,190,173,175,174,177,178,184,193,194,195,197,196,185,192,191,186,;23405.38913;0.820000; 
22;15;5;2048;165,164,145,146,141,142,144,143,131,132,134,135,128,126,169,127,129,125,124,136,148,147,152,159,151,161,149,160,150,163,162,133,139,140,130,168,119,118,117,109,108,105,113,112,115,116,120,121,114,104,101,92,91,102,94,100,93,80,81,87,88,51,45,52,75,77,49,47,34,46,38,60,89,74,69,66,59,55,84,70,68,56,43,67,58,54,42,85,99,41,57,83,71,65,73,82,97,98,72,86,53,44,29,31,37,36,30,28,13,39,14,23,25,33,32,35,26,21,22,27,24,20,18,17,16,15,40,11,12,10,9,8,7,2,1,6,5,3,4,0,19,50,64,76,61,96,95,90,78,79,62,48,63,103,111,106,110,123,137,158,155,157,156,153,154,138,122,107,166,167,170,171,172,173,175,176,174,178,177,179,184,183,180,182,190,187,188,181,193,191,186,197,196,194,195,185,192,189,;23290.02484;0.830000; 
23;15;5;2048;147,151,161,152,148,146,150,149,144,142,141,145,143,135,132,129,130,124,168,139,133,137,140,134,128,127,136,162,171,170,169,126,125,131,123,116,120,117,118,119,106,105,90,78,79,91,62,101,100,102,103,93,92,75,50,63,77,76,64,95,88,96,98,86,83,67,69,59,66,72,55,43,54,53,60,74,82,73,61,65,89,80,52,45,44,29,28,27,26,17,23,20,32,35,38,46,51,36,31,37,42,56,41,57,68,84,85,70,99,71,58,81,87,97,94,49,33,34,25,24,21,22,15,16,14,13,39,40,12,11,10,9,8,7,5,3,4,2,1,6,0,30,18,19,47,48,104,110,109,108,111,112,113,114,115,121,122,138,153,154,157,155,156,158,159,160,163,164,165,107,166,167,172,173,177,179,183,184,178,193,195,197,185,176,174,180,182,181,188,189,175,187,194,196,192,186,191,190,;23427.12814;0.820000; 
24;15;5;2048;179,183,193,178,177,176,174,172,173,196,195,197,194,187,182,180,175,184,186,192,191,190,189,188,181,185,170,164,162,143,135,132,128,129,131,130,125,124,133,139,141,145,144,149,151,146,147,152,160,161,148,136,171,127,126,169,123,108,109,110,106,104,103,102,100,93,101,92,94,89,88,81,73,69,86,71,72,98,99,85,42,54,44,53,60,65,43,55,59,66,67,83,96,97,87,82,58,68,70,57,41,56,84,74,64,95,75,80,49,48,38,51,46,50,34,25,26,24,32,33,29,23,19,21,20,30,31,28,17,18,27,22,36,61,52,35,45,37,13,14,16,15,39,40,12,11,9,8,10,7,2,3,4,5,6,1,0,47,77,76,79,91,90,78,63,62,105,112,120,118,117,114,115,111,113,116,121,138,122,119,107,166,167,168,134,140,142,159,158,157,156,155,154,153,137,150,165,163,;23330.81026;0.830000; 
25;15;5;2048;181,180,182,176,174,173,187,190,188,189,175,178,193,192,191,186,185,194,197,196,195,177,179,183,184,172,165,164,163,162,150,142,148,147,159,151,146,141,140,139,134,132,133,131,128,126,127,145,144,143,135,130,129,125,124,168,137,138,155,156,154,153,157,158,161,160,152,136,149,171,169,123,122,115,116,120,118,117,109,108,107,79,78,91,76,48,46,51,45,61,52,89,95,94,93,101,77,63,80,64,74,81,59,54,55,67,72,69,84,85,83,97,96,88,73,65,60,53,58,66,42,41,56,57,68,70,12,11,8,9,10,40,14,13,28,27,25,26,34,33,38,75,50,47,49,90,62,113,112,111,105,106,110,104,103,102,92,100,82,87,98,86,99,71,43,37,30,36,31,35,44,32,29,22,21,20,24,23,19,18,17,15,16,39,0,2,1,6,5,4,3,7,114,121,119,166,167,170,;22588.14457;0.830000; 
26;15;5;2048;191,185,192,186,179,177,182,180,176,183,178,173,172,170,139,133,130,135,146,142,144,145,141,152,159,151,160,161,147,134,132,140,131,168,123,124,126,128,127,169,125,129,136,149,150,162,163,164,165,171,143,148,158,157,156,155,154,153,119,115,117,118,107,108,109,110,113,91,90,93,94,87,96,73,60,53,61,65,74,80,89,95,81,82,97,88,45,64,77,76,75,63,103,102,101,100,92,47,49,48,62,51,35,31,36,29,27,32,33,34,38,46,50,52,54,55,86,99,98,69,72,71,58,66,67,70,68,56,57,42,13,14,39,40,15,16,30,28,24,25,26,23,20,19,18,21,22,17,37,44,43,41,59,84,85,83,0,6,5,1,2,3,4,12,11,10,9,8,7,78,79,104,106,105,111,112,116,114,121,120,122,138,137,166,167,174,184,193,197,195,194,196,189,187,181,175,190,188,;23553.77200;0.810000; 
27;15;5;2048;146,160,151,148,161,150,139,132,129,137,130,131,133,141,142,149,143,144,134,125,123,119,118,112,113,104,103,102,79,76,75,63,48,49,34,52,88,89,92,93,90,91,78,77,94,95,80,51,46,64,53,44,37,65,45,38,32,29,31,30,28,43,55,41,67,71,69,54,59,66,72,83,86,97,87,82,73,96,81,74,61,35,33,25,22,21,26,24,23,20,19,18,17,27,36,60,58,42,40,39,15,16,13,14,56,57,99,98,84,85,70,68,12,11,10,9,8,7,3,5,2,6,1,4,0,47,50,62,101,100,105,110,108,107,120,122,117,116,115,114,121,111,106,109,124,169,126,127,171,164,165,163,162,128,136,145,140,135,147,152,159,155,156,157,158,153,154,138,168,166,167,170,172,175,176,174,173,179,183,184,186,192,185,191,181,177,178,193,197,194,195,196,190,187,182,180,188,189,;23254.32971;0.820000; 
28;15;5;2048;155,153,157,154,156,158,147,151,161,134,133,131,130,160,137,139,142,146,140,129,132,135,124,126,125,149,144,143,159,152,141,145,148,150,162,163,165,164,170,171,136,128,127,169,123,119,118,108,122,111,106,110,109,107,117,113,112,104,103,102,78,90,79,91,93,94,101,100,92,80,75,76,77,63,64,61,88,96,89,81,82,87,97,95,52,65,73,53,44,30,35,28,51,74,86,98,71,84,99,72,67,55,42,43,59,54,37,36,31,32,33,38,25,26,17,18,24,23,20,21,22,14,13,56,68,70,41,57,58,66,69,83,85,60,45,46,50,49,48,62,47,34,29,27,0,6,1,5,2,3,4,7,9,8,10,11,12,40,15,16,39,19,105,116,115,114,121,120,138,168,166,167,172,173,175,174,180,176,182,177,179,183,195,194,196,197,193,178,184,186,185,191,192,188,181,187,190,189,;23321.77545;0.820000; 
29;15;5;2048;91,95,87,97,81,51,50,34,38,33,25,26,32,35,52,74,61,45,73,66,72,55,43,42,68,57,84,71,86,83,98,85,99,41,60,53,44,65,82,88,89,64,96,80,75,76,77,63,47,48,62,78,90,79,93,92,49,46,36,31,30,37,59,69,67,58,54,70,56,40,8,9,10,11,12,7,39,13,22,21,23,18,19,20,24,29,28,27,17,15,16,14,0,2,5,6,1,3,4,94,100,101,102,103,104,113,111,112,118,119,122,138,120,115,114,116,117,121,123,107,108,109,106,105,110,166,167,135,129,130,125,124,168,139,141,148,145,150,149,144,146,147,152,151,161,160,159,134,133,131,143,140,137,158,155,154,153,156,157,142,128,126,169,127,136,132,162,163,164,165,170,171,172,173,193,178,175,174,176,180,187,188,189,190,182,177,179,183,184,186,185,192,191,195,196,197,194,181,;23187.67929;0.820000; 
30;15;5;2048;173,172,175,174,184,179,183,177,178,193,194,195,197,196,192,186,185,191,188,181,182,187,189,190,180,176,165,164,163,162,150,142,143,152,161,151,160,159,145,148,147,146,141,139,134,135,132,140,130,131,133,144,128,136,129,123,168,124,125,126,169,127,170,171,149,137,157,156,155,154,153,118,117,106,122,104,113,111,105,110,108,107,115,114,138,121,120,116,78,91,90,76,77,64,61,53,46,51,35,36,31,28,29,22,27,32,52,66,82,73,65,69,54,59,60,71,83,72,81,95,87,74,80,94,101,100,79,63,47,48,50,93,92,75,49,38,34,25,24,23,33,30,37,43,55,58,70,68,57,56,41,42,85,84,67,86,98,99,97,96,89,88,45,44,0,6,1,2,5,3,4,7,10,11,12,9,8,40,39,13,14,15,16,17,18,19,26,21,20,62,103,102,112,109,119,158,166,167,;23200.20571;0.820000; 
1;15;5;4096;141,143,134,132,128,126,129,135,140,139,146,142,145,148,147,144,149,133,130,125,124,168,123,118,121,115,120,108,105,111,110,106,112,113,103,102,93,96,97,83,86,87,81,74,82,73,65,58,69,71,41,42,55,44,53,60,36,30,37,35,33,51,52,38,50,89,88,61,80,77,76,64,46,49,47,48,62,101,100,94,95,75,91,78,79,90,92,63,45,27,29,31,32,21,23,24,19,17,18,22,25,26,28,14,43,54,59,67,66,72,57,56,85,99,84,70,68,98,0,1,6,5,2,3,4,11,10,12,7,8,9,40,39,13,16,15,20,34,104,114,116,117,119,107,109,122,138,157,155,154,153,156,158,159,160,151,161,152,150,162,163,165,164,171,170,127,169,131,136,137,166,167,172,174,179,180,187,190,176,188,184,178,193,177,183,175,182,173,196,194,197,195,185,191,192,186,189,181,;23401.81143;0.970000; 
2;15;5;4096;179,184,183,178,193,177,182,188,190,187,180,174,173,175,172,176,194,196,195,197,185,192,191,186,189,181,170,150,161,151,145,139,142,148,147,141,146,152,160,129,126,128,133,131,130,125,168,124,132,134,140,135,143,149,144,159,154,138,156,153,155,157,158,122,118,119,108,110,105,112,111,113,103,102,100,101,95,88,82,87,83,72,69,71,66,85,84,54,59,58,67,56,57,68,70,42,30,36,31,28,29,35,65,73,61,52,64,46,51,38,50,80,75,77,76,49,48,93,74,89,96,98,86,99,55,53,60,37,33,32,43,41,44,45,81,97,94,92,78,91,79,90,63,62,34,24,26,25,23,21,22,17,18,20,19,15,16,13,14,39,40,11,12,7,8,9,10,4,3,2,5,6,1,0,27,47,104,109,106,107,166,169,127,136,162,163,164,165,171,114,115,116,120,121,117,123,137,167,;23431.15674;0.970000; 
3;15;5;4096;171,170,133,131,132,135,130,125,128,129,123,109,107,122,116,103,102,91,78,79,90,94,93,100,101,92,88,60,61,74,89,95,80,64,63,77,76,75,51,50,46,38,33,32,27,29,36,35,30,31,43,54,42,41,71,86,97,87,81,82,73,52,53,58,55,67,66,65,69,44,72,99,85,84,68,70,57,56,83,98,96,59,37,45,28,21,22,26,25,23,24,20,18,17,16,15,14,13,39,40,10,11,12,7,8,9,4,2,6,1,5,3,0,19,48,34,47,62,49,104,110,108,118,111,112,113,105,106,119,117,120,115,114,121,138,153,154,156,155,157,158,145,142,144,150,149,143,148,147,146,141,139,140,136,127,126,169,168,124,137,152,160,161,164,165,163,162,134,151,159,166,167,172,176,180,181,175,174,173,193,178,189,188,182,183,179,177,184,195,194,197,196,190,187,186,185,191,192,;22977.54233;0.960000; 
4;15;5;4096;131,139,146,142,140,134,129,135,127,169,126,130,132,133,124,168,125,141,145,158,157,156,155,153,154,120,115,114,116,121,138,123,118,117,122,119,110,106,109,107,108,105,111,102,49,63,50,80,75,76,77,91,79,78,62,90,101,92,94,93,100,48,47,34,38,46,31,36,37,43,56,68,71,84,58,66,59,61,52,60,67,53,44,51,74,89,82,65,73,87,96,88,97,86,72,69,83,85,70,99,98,57,54,55,42,41,30,27,45,35,29,28,21,17,18,19,26,25,24,20,23,32,33,22,16,15,39,14,13,40,11,12,10,7,8,9,4,3,6,5,2,1,0,64,95,81,103,113,112,104,128,143,149,136,144,148,152,151,161,160,147,159,137,150,163,162,165,164,171,170,166,167,172,178,193,177,179,183,176,180,182,181,188,173,174,175,197,196,195,194,185,192,191,186,184,187,189,190,;23181.57597;0.950000; 
5;15;5;4096;167,166,107,122,123,139,152,160,159,147,148,151,161,144,149,140,133,131,146,141,143,135,136,134,132,129,126,124,168,145,142,137,128,127,170,130,169,125,119,118,117,116,113,101,92,102,91,90,49,77,100,93,94,95,89,76,75,63,78,48,62,47,34,35,33,38,46,51,53,44,65,81,74,54,67,72,69,66,59,71,99,85,68,42,58,87,97,96,88,80,61,52,60,36,31,29,24,25,26,45,32,30,37,43,55,84,70,56,41,40,39,22,21,23,20,19,13,14,15,16,18,17,27,28,0,4,3,6,1,2,5,8,11,10,9,7,12,57,98,86,83,82,73,64,50,79,103,104,112,110,105,111,109,108,106,115,114,120,121,138,153,154,155,156,157,158,150,162,163,164,165,171,172,175,176,179,177,174,173,182,188,190,193,178,194,192,191,186,185,196,197,195,183,184,189,187,180,181,;23040.23575;0.950000; 
6;15;5;4096;139,140,161,159,152,151,148,147,145,135,134,133,141,146,142,149,150,144,143,127,169,126,168,136,160,129,130,132,131,128,125,124,123,118,119,117,106,111,105,112,103,78,91,79,90,77,75,95,87,96,88,89,64,46,38,34,33,26,25,23,24,50,51,65,73,81,82,53,59,54,42,36,35,60,43,69,71,67,72,58,55,41,56,57,68,84,70,99,85,98,86,97,74,83,66,44,61,52,32,29,31,30,37,28,27,22,21,18,17,13,16,15,14,39,40,9,8,10,11,12,7,4,5,2,3,1,6,0,19,20,45,63,94,100,92,80,93,101,104,109,110,113,116,115,114,120,121,122,138,155,156,157,153,154,158,137,47,49,48,62,76,102,107,108,166,167,170,165,164,162,163,171,172,173,176,180,182,181,175,187,184,183,179,177,178,193,191,185,192,174,197,196,195,194,186,189,188,190,;23362.36003;0.970000; 
7;15;5;4096;132,135,139,146,145,148,147,144,143,161,160,151,152,158,157,156,155,153,154,159,141,140,134,130,131,129,128,142,125,124,168,123,117,119,118,104,113,111,108,109,110,106,105,116,120,112,103,92,101,88,96,81,82,87,83,86,69,66,71,67,54,44,53,52,35,36,29,31,43,73,74,65,60,72,70,68,57,56,41,42,58,55,59,84,85,99,97,64,80,79,91,90,78,49,48,47,34,38,50,51,45,25,32,33,46,61,30,27,18,19,20,23,26,22,21,24,28,13,14,17,16,15,39,40,37,0,6,2,1,5,4,3,7,12,10,9,8,11,98,89,95,75,76,77,93,100,94,63,62,102,115,114,121,122,138,137,133,149,150,162,163,136,171,170,164,165,127,126,169,107,166,167,172,174,182,180,176,179,183,178,193,177,195,196,197,186,192,191,185,184,173,194,187,188,189,190,181,175,;23019.40156;0.960000; 
8;15;5;4096;194,197,178,193,177,179,183,188,189,190,187,182,180,176,175,174,181,167,166,79,90,77,63,62,78,91,49,47,48,76,75,61,52,31,30,44,60,53,65,73,43,54,66,58,55,67,71,69,72,83,88,89,96,97,87,74,64,80,92,100,101,93,94,81,82,86,98,84,85,99,56,57,68,70,41,42,37,38,45,27,25,26,29,33,32,51,50,46,35,36,28,22,13,14,16,15,39,40,8,9,10,11,12,7,3,2,5,4,6,1,0,17,18,20,24,23,21,34,19,59,95,102,103,113,111,105,106,110,108,107,118,119,115,116,114,121,109,124,168,125,126,132,145,139,133,141,161,148,152,146,144,143,129,130,131,140,142,136,135,134,149,151,147,159,160,158,138,123,117,122,156,157,154,153,155,137,128,150,162,163,164,165,171,170,127,169,104,112,120,172,186,185,192,191,184,173,195,196,;23197.75836;0.950000; 
9;15;5;4096;170,171,128,126,169,125,143,150,127,134,140,139,133,131,168,124,132,130,129,137,157,156,158,122,121,120,118,117,119,112,111,105,106,102,103,101,92,100,93,79,91,90,78,48,34,49,38,45,32,27,28,37,61,73,65,60,44,53,59,67,58,83,98,86,96,89,95,94,76,75,63,51,36,35,31,29,46,25,26,33,52,74,97,87,69,72,66,55,54,43,71,84,70,68,57,56,42,41,30,13,14,16,15,23,24,20,21,18,19,17,22,0,2,5,6,1,4,3,39,40,9,10,11,12,8,7,99,85,88,81,82,64,80,77,62,50,47,104,113,110,109,108,116,115,114,107,166,167,123,135,142,145,144,149,147,148,151,146,152,160,159,161,163,162,164,165,136,141,138,155,154,153,172,173,175,181,188,187,190,189,182,179,177,183,193,178,184,186,192,191,197,196,195,194,185,174,176,180,;23382.89713;0.960000; 
10;15;5;4096;188,187,190,180,182,184,183,193,177,179,174,176,173,175,172,194,195,178,197,196,185,191,186,192,181,170,141,139,128,131,135,134,143,144,145,142,133,129,130,132,123,168,124,127,126,169,125,147,161,151,150,162,163,164,165,171,136,149,148,160,152,146,140,137,156,157,154,153,155,158,159,138,122,119,118,114,115,116,120,121,112,111,110,109,106,105,113,104,94,93,100,92,95,89,88,69,72,71,98,84,70,85,99,86,82,87,66,58,55,41,42,54,59,60,44,53,61,52,45,37,30,31,36,32,33,35,34,25,51,75,80,101,78,90,103,102,77,76,63,49,50,64,38,27,29,28,24,23,20,26,22,13,43,57,12,10,11,7,8,9,40,15,16,21,17,18,19,46,74,81,65,73,97,96,83,67,68,56,0,1,6,2,5,3,4,14,39,47,79,91,48,62,107,108,117,166,167,189,;23204.75356;0.970000; 
11;15;5;4096;180,182,183,184,177,179,176,172,175,174,178,193,195,196,197,194,185,186,191,192,190,189,187,181,188,173,170,146,145,142,135,134,140,133,141,147,163,162,151,161,139,131,129,132,126,169,125,128,168,124,130,144,152,149,160,159,155,154,153,121,103,102,90,78,77,76,75,80,64,74,73,54,58,55,43,60,65,45,36,44,53,61,52,37,29,13,14,16,15,30,31,32,33,47,49,50,51,46,38,34,48,62,63,79,100,94,95,89,88,72,71,69,83,82,81,98,86,85,70,84,99,96,87,97,66,67,41,42,56,57,68,40,39,9,8,12,11,10,7,2,5,4,3,1,6,0,22,17,18,19,21,23,20,25,24,27,26,35,28,59,91,101,92,93,104,114,115,107,109,110,111,112,113,105,106,116,118,119,117,120,122,108,166,167,127,143,136,148,158,156,157,137,138,123,150,171,165,164,;23226.74442;0.950000; 
12;15;5;4096;197,196,195,194,172,173,176,183,179,177,184,193,178,182,180,185,191,192,186,188,189,190,187,181,175,174,170,171,149,144,140,134,132,147,148,151,152,145,142,136,129,125,169,126,127,130,133,141,135,128,143,163,162,150,146,159,161,160,139,131,123,168,124,119,118,108,107,109,110,106,122,121,117,115,114,120,116,102,103,90,91,93,94,95,60,52,53,54,61,44,30,37,36,35,27,29,28,26,51,81,82,97,73,65,96,74,72,68,70,85,99,84,98,86,69,66,59,55,41,42,43,57,56,71,83,67,58,87,80,64,89,88,76,75,50,48,47,49,63,77,62,38,34,23,20,24,25,33,32,45,31,13,14,16,15,39,40,9,8,12,10,11,7,5,2,3,4,1,6,0,17,18,19,22,21,46,78,79,111,112,113,104,100,92,101,105,166,167,137,138,157,156,155,154,153,158,164,165,;23171.47257;0.960000; 
13;15;5;4096;174,176,197,196,195,194,184,183,179,177,180,182,187,190,192,191,186,185,193,178,172,173,175,181,188,189,165,164,163,135,134,140,143,141,147,148,146,145,142,139,133,132,130,131,125,124,138,121,116,115,117,118,122,123,108,109,110,114,104,103,102,100,101,75,63,77,79,78,90,91,95,80,89,52,73,65,61,35,43,66,69,72,83,55,59,54,67,58,70,57,68,84,85,97,87,96,88,71,86,56,60,53,82,64,76,49,62,48,47,34,31,30,44,36,29,27,38,33,25,26,23,24,19,18,20,21,28,45,51,46,74,81,98,99,42,41,13,22,17,16,15,14,39,40,11,12,10,9,8,7,4,2,5,3,6,1,0,37,32,50,94,93,92,113,112,111,106,105,107,119,168,126,169,128,129,160,159,161,152,151,149,144,150,136,127,170,171,162,120,153,155,157,156,158,154,137,166,167,;23118.87366;0.970000; 
14;15;5;4096;124,125,129,132,130,134,135,141,139,140,142,145,146,143,144,148,147,152,159,160,161,151,149,128,131,133,169,126,127,136,150,162,163,164,165,171,170,168,123,137,158,156,155,157,122,121,115,109,106,105,111,112,113,104,90,101,100,93,94,75,76,77,79,102,103,91,78,62,63,50,46,64,53,44,65,67,66,58,55,42,54,59,70,68,57,56,71,72,69,86,97,96,95,89,88,73,74,61,87,81,52,45,38,49,92,80,51,60,83,84,85,99,98,82,43,36,32,33,21,19,17,18,28,29,25,23,20,26,48,47,24,27,35,30,37,31,22,13,16,15,40,41,0,1,5,6,2,4,3,10,7,12,11,9,8,39,14,34,107,108,110,119,118,117,114,116,120,138,154,153,166,167,172,174,176,180,182,187,190,189,188,175,196,195,194,191,192,186,185,183,179,177,178,193,184,197,173,181,;23217.54224;0.970000; 
15;15;5;4096;147,149,142,145,148,152,160,161,151,133,131,130,125,143,144,140,139,135,134,132,128,129,126,169,124,168,118,116,115,111,105,106,112,110,108,109,107,122,114,120,121,101,77,63,76,75,92,93,94,73,74,95,61,52,43,31,35,45,64,80,100,48,62,91,79,90,103,102,78,49,47,26,20,23,24,21,22,27,29,32,33,30,36,44,53,60,65,82,59,68,57,56,98,86,83,71,72,66,69,67,58,55,54,37,41,42,40,70,84,85,99,87,89,88,96,97,81,51,46,38,50,34,25,28,17,16,15,13,14,39,12,11,10,9,8,7,5,2,3,4,6,1,0,18,19,104,113,117,119,138,157,153,154,155,146,141,123,137,158,156,159,150,171,170,127,136,162,163,165,164,166,167,172,175,174,176,182,180,187,177,183,179,193,178,184,190,189,188,181,173,197,196,195,194,185,186,191,192,;23102.46010;0.970000; 
16;15;5;4096;140,134,131,139,143,150,162,149,144,141,146,147,160,148,161,152,151,145,142,125,124,168,169,129,130,133,135,128,132,126,127,136,171,170,164,165,163,159,158,157,156,155,154,153,138,119,118,117,116,120,106,105,112,113,114,121,104,115,122,111,110,107,109,108,166,90,79,91,78,63,76,77,92,101,94,95,100,93,80,64,38,46,45,52,61,60,65,87,96,97,82,73,98,86,83,71,58,69,59,43,67,56,72,57,68,70,84,85,54,55,42,41,53,44,37,31,29,35,36,32,33,27,17,16,14,13,21,20,23,34,25,26,28,30,66,99,74,81,89,88,75,49,48,47,24,19,18,22,15,39,40,9,8,11,12,10,7,5,1,2,6,3,4,0,50,51,62,102,103,123,137,167,172,173,175,174,184,197,194,195,196,193,178,179,183,180,177,176,182,191,192,185,186,190,187,189,188,181,;23130.38487;0.970000; 
17;15;5;4096;145,146,147,152,140,134,133,139,150,136,135,132,131,144,151,160,161,159,142,143,141,148,125,124,168,130,137,138,121,114,113,105,111,112,110,116,117,118,119,115,120,108,109,107,166,104,90,79,91,63,77,76,75,80,61,52,45,51,50,34,25,26,20,22,23,32,35,36,31,29,28,37,43,54,59,66,67,69,73,81,96,88,95,94,93,92,101,100,102,103,49,47,48,62,64,46,38,44,60,89,87,82,65,58,55,42,41,56,57,83,86,99,72,71,70,68,84,85,97,98,74,53,30,27,33,21,19,18,17,15,16,14,13,39,40,11,10,12,9,8,7,4,1,6,5,3,2,0,24,78,106,122,156,154,153,155,157,158,129,128,169,126,127,171,170,162,149,163,164,165,123,167,172,173,175,181,182,180,184,178,193,176,174,179,183,187,177,186,185,191,192,194,197,195,196,190,188,189,;23237.65363;0.960000; 
18;15;5;4096;182,174,175,172,173,195,197,193,178,177,179,183,180,176,196,194,184,187,190,189,188,185,186,192,191,165,164,141,151,159,138,119,118,117,116,115,114,111,112,113,104,103,91,78,79,89,63,80,92,93,100,101,50,46,32,33,48,62,77,75,94,82,74,64,61,52,35,36,27,29,60,53,44,59,58,67,56,68,70,85,84,87,73,81,88,97,96,95,76,51,45,38,47,49,34,31,30,37,43,54,42,66,69,72,71,83,98,86,99,41,55,57,40,15,16,14,13,22,28,26,25,24,20,23,19,21,17,18,0,3,5,6,1,2,4,8,11,10,9,7,12,39,65,90,102,110,109,108,107,105,106,121,120,122,168,124,131,133,134,139,142,144,145,146,148,160,161,147,152,149,127,136,171,128,132,129,130,135,143,162,150,163,140,137,158,157,156,155,154,153,123,125,126,169,170,166,167,181,;23242.02898;0.950000; 
19;15;5;4096;163,171,136,134,132,131,129,133,130,152,146,148,141,139,144,161,160,151,147,143,149,142,145,140,135,128,127,126,169,150,162,164,165,170,168,124,125,118,119,137,159,158,157,156,155,154,153,122,117,109,107,108,110,113,111,78,91,79,76,75,88,93,94,95,80,89,98,59,55,54,43,67,66,72,82,73,65,60,53,51,46,38,33,32,28,36,30,37,31,21,20,22,35,52,61,44,45,50,47,34,49,63,74,64,77,100,101,92,102,90,62,48,26,25,24,23,29,27,17,18,15,16,14,13,41,42,56,57,68,70,84,85,99,86,87,96,97,81,58,71,83,69,0,6,1,5,2,3,4,7,8,9,10,11,12,40,39,19,103,112,106,105,114,116,115,121,120,138,123,104,166,167,172,174,179,193,190,187,181,182,176,180,175,173,191,192,185,186,183,194,195,196,197,184,178,177,188,189,;23270.34480;0.950000; 
20;15;5;4096;135,140,134,141,147,139,148,146,145,144,161,151,152,160,133,132,129,131,130,124,123,125,168,122,117,119,118,137,143,162,142,159,158,157,156,155,154,153,114,120,121,115,138,116,106,110,105,113,112,111,103,102,79,90,92,91,101,95,94,76,75,80,89,88,81,83,72,71,59,55,54,84,58,67,66,74,45,51,46,38,60,65,44,28,30,31,37,33,32,35,36,52,61,82,87,86,97,98,99,85,70,68,57,69,73,96,93,100,78,48,62,50,49,47,34,26,25,23,24,27,29,20,21,22,17,18,19,15,16,13,14,39,40,43,42,41,56,12,11,10,9,8,7,3,4,2,5,1,6,0,53,64,63,77,104,109,107,108,167,169,126,136,149,150,127,171,163,164,165,128,170,166,172,175,176,177,179,183,184,178,193,185,188,182,180,189,190,187,191,192,186,196,195,194,197,173,174,181,;23478.24706;0.960000; 
21;15;5;4096;127,126,169,133,134,139,141,142,145,160,151,152,162,130,132,143,150,163,164,165,161,148,147,146,149,140,135,131,125,168,124,129,137,123,109,108,104,112,113,103,102,101,92,93,100,64,74,82,87,96,88,66,55,67,86,71,70,72,69,42,56,57,85,68,84,98,99,97,95,94,76,50,34,35,36,52,45,51,46,49,63,48,91,78,77,80,75,90,79,62,47,38,31,30,37,29,28,32,26,25,23,24,20,19,18,17,22,21,27,33,44,53,60,65,81,73,89,61,59,58,43,54,41,13,15,16,14,39,40,10,9,8,12,11,7,4,3,2,5,6,1,0,83,105,106,115,116,120,121,114,122,110,111,107,119,118,117,138,155,156,154,153,157,158,144,159,136,128,171,170,166,167,172,173,181,175,174,193,178,179,183,184,187,190,188,182,180,177,176,186,185,195,194,196,197,192,191,189,;23132.36571;0.960000; 
22;15;5;4096;124,130,133,131,139,141,140,134,135,143,126,125,132,129,146,144,148,147,151,161,160,159,152,145,142,149,136,128,127,169,168,107,108,166,112,105,109,91,90,76,75,77,94,100,102,103,93,92,101,79,78,47,27,29,32,33,38,46,64,45,44,54,43,59,66,60,65,81,96,73,82,87,97,86,98,74,61,52,36,31,35,24,20,25,26,34,51,53,83,72,71,67,55,30,37,28,21,22,18,17,23,50,49,48,63,80,95,89,88,69,58,42,41,57,85,56,68,70,84,99,0,2,4,5,6,1,3,10,12,11,7,8,9,40,39,15,16,13,14,19,62,113,104,111,106,110,116,120,115,114,121,117,118,119,122,137,158,157,155,153,154,156,138,123,150,162,163,164,165,171,170,167,172,197,196,195,194,178,193,179,183,184,177,180,176,182,187,190,189,188,186,192,191,185,173,174,175,181,;22678.92129;0.950000; 
23;15;5;4096;175,172,176,180,182,178,193,184,183,187,190,189,188,179,177,194,197,196,195,186,191,192,185,174,173,170,127,126,125,128,131,130,145,142,141,139,136,148,147,146,132,134,135,140,144,143,149,163,171,129,124,168,118,119,114,120,115,116,121,122,138,154,155,156,157,158,160,151,161,152,150,162,164,165,133,137,123,117,113,108,109,110,105,111,112,106,90,79,91,78,77,76,63,50,64,95,88,89,96,97,87,83,86,98,81,74,80,75,47,48,62,49,34,33,28,31,29,35,61,52,51,36,30,37,53,44,38,46,45,65,66,72,85,84,56,57,43,69,71,67,55,58,68,70,59,73,82,60,54,42,41,99,0,2,1,6,3,4,5,8,9,10,11,12,7,40,39,13,14,15,16,17,25,24,23,20,22,18,19,21,27,32,26,92,100,94,93,101,102,103,104,107,169,153,159,166,167,181,;23208.94471;0.960000; 
24;15;5;4096;151,152,147,145,146,148,140,131,130,132,135,141,139,161,160,133,129,125,128,126,169,168,124,137,122,116,108,107,109,110,112,111,105,106,101,100,93,94,92,102,103,63,79,78,90,51,45,33,35,32,29,38,61,87,60,65,74,82,73,81,88,89,96,80,75,50,64,76,52,53,44,66,58,59,54,55,43,72,69,86,83,71,67,99,70,68,85,98,97,95,77,49,47,48,62,46,34,36,31,30,37,13,56,84,57,41,42,40,39,14,15,16,18,17,21,22,20,24,25,19,23,26,27,28,0,3,4,2,5,1,6,7,8,9,12,10,11,91,113,104,120,114,115,117,118,119,123,134,143,144,142,150,162,163,164,165,170,171,127,136,149,159,138,157,156,155,154,153,158,121,166,167,172,175,174,173,176,180,182,177,179,183,178,193,184,191,192,196,195,194,197,185,186,189,188,190,187,181,;23108.27656;0.960000; 
25;15;5;4096;193,184,183,179,177,194,178,195,196,197,192,186,185,191,187,180,176,174,172,173,181,182,175,188,189,190,127,126,169,142,141,146,152,160,161,151,148,136,129,128,134,135,131,132,130,139,133,140,143,149,159,137,122,120,114,121,115,117,104,113,112,111,105,90,46,38,64,75,77,63,50,49,47,45,52,61,33,36,35,32,27,30,37,59,57,56,67,72,82,73,53,60,65,88,89,81,87,97,83,69,84,70,42,41,54,55,66,43,44,29,31,23,20,24,25,26,19,18,17,16,15,14,13,28,22,21,34,51,76,93,95,102,100,101,103,78,48,62,91,79,92,94,80,96,98,86,71,58,68,99,85,12,10,9,8,7,11,40,39,0,1,6,3,2,5,4,74,106,110,108,109,107,166,168,125,124,119,118,116,123,138,157,156,155,154,153,158,147,145,144,150,164,165,162,163,171,170,167,;23176.97509;0.970000; 
26;15;5;4096;162,151,141,142,147,148,146,145,144,143,136,125,169,126,134,133,131,130,160,152,159,161,149,139,140,132,135,128,127,163,165,164,171,170,150,129,124,168,122,117,110,106,105,111,112,113,104,77,63,90,91,79,100,93,94,73,89,88,87,81,61,52,35,29,46,51,36,37,42,58,59,66,69,72,71,68,85,99,84,70,40,55,43,44,54,60,53,74,95,80,82,65,86,83,67,41,57,56,98,97,96,64,50,75,76,48,62,49,47,34,25,26,33,32,27,28,31,38,45,30,21,20,24,19,18,17,16,15,14,13,39,10,12,11,9,7,8,3,2,5,1,6,4,0,22,23,78,92,101,102,103,121,114,115,120,116,118,119,123,137,158,156,154,155,153,157,138,107,108,109,166,167,172,175,174,177,179,183,184,178,193,182,180,181,189,190,186,192,185,188,176,173,197,195,194,196,191,187,;22973.88353;0.960000; 
27;15;5;4096;144,146,145,141,140,142,135,136,134,131,125,124,130,132,133,129,168,169,126,143,150,148,147,139,137,138,153,154,155,156,157,158,149,151,152,160,161,159,162,163,164,165,171,170,127,128,123,120,115,114,121,110,106,111,112,113,79,102,103,91,90,92,100,93,101,76,80,64,75,62,63,49,50,51,82,58,55,67,72,71,66,83,65,60,44,69,59,54,43,42,36,28,29,27,22,19,34,38,46,52,53,61,87,97,74,81,88,96,95,94,89,86,73,98,99,85,84,70,68,57,56,41,37,30,31,35,32,25,24,26,23,20,21,18,17,13,14,15,16,40,39,9,11,10,8,7,12,0,6,5,2,3,4,1,33,45,47,77,78,48,104,107,108,119,118,117,116,122,105,109,166,167,172,173,174,176,180,182,197,194,193,178,184,187,190,183,179,177,185,186,195,196,191,192,188,189,175,181,;23208.43564;0.960000; 
28;15;5;4096;79,78,103,102,92,77,76,49,38,34,20,21,24,23,35,36,29,32,33,44,60,65,73,86,84,85,99,41,42,37,27,45,52,82,87,96,61,53,69,66,67,55,43,72,71,57,56,70,68,83,58,59,54,30,31,28,22,15,16,13,14,39,40,9,12,11,10,7,8,5,2,3,4,6,1,0,17,18,19,25,46,50,51,64,94,80,75,88,89,95,100,101,90,91,93,63,48,62,47,26,74,81,97,98,104,113,112,111,118,119,117,120,116,115,121,114,105,106,109,110,108,107,124,130,129,131,133,139,134,140,145,146,141,144,149,162,163,164,165,170,136,132,135,152,147,148,161,160,151,159,150,143,142,128,126,169,171,125,168,123,137,158,157,155,156,154,153,138,122,127,166,167,172,175,180,182,174,173,178,193,194,197,196,195,185,192,191,186,176,177,183,179,187,188,189,190,181,184,;23005.40758;0.950000; 
29;15;5;4096;136,130,132,133,139,131,124,125,168,126,169,144,150,163,162,149,161,160,152,147,141,146,145,142,140,135,143,129,128,127,170,171,165,164,148,151,134,137,123,122,115,116,120,114,121,94,77,63,38,46,49,47,48,91,90,79,78,76,51,50,60,53,30,26,25,24,20,23,21,52,45,32,33,35,27,28,31,29,36,37,72,83,71,67,68,57,56,41,42,59,69,65,73,81,82,87,97,96,88,89,80,92,93,100,64,75,62,113,112,111,106,105,103,102,101,95,74,61,66,54,55,43,44,58,70,84,85,99,98,86,0,1,6,2,5,3,4,10,9,8,7,11,12,13,14,15,16,39,40,17,18,19,22,34,104,109,107,110,108,119,118,117,138,154,155,156,157,158,159,153,166,167,172,173,174,177,179,183,184,178,193,197,194,195,196,186,192,185,191,190,188,187,189,180,176,182,181,175,;22469.06478;0.960000; 
30;15;5;4096;90,78,62,79,63,77,76,48,47,49,50,38,46,51,60,73,89,88,74,64,93,61,81,65,87,98,86,71,85,84,68,58,55,43,54,59,41,42,70,57,56,69,66,67,83,72,96,97,99,53,44,37,30,36,31,32,45,52,35,29,27,25,24,23,19,21,22,26,34,33,28,18,17,16,15,13,14,39,40,12,11,10,9,8,7,5,2,6,1,3,4,0,20,75,95,94,92,100,101,103,104,112,115,120,116,114,121,117,109,110,108,107,106,111,105,113,91,102,80,82,118,119,122,168,131,152,151,161,143,147,146,135,132,129,130,133,139,142,140,134,145,148,144,149,141,160,159,156,157,154,153,155,137,123,124,125,126,169,127,136,150,162,163,164,165,170,171,128,138,158,166,167,172,187,188,189,190,192,191,186,185,183,179,178,193,173,195,196,197,194,184,177,174,176,181,180,182,175,;23429.34690;0.960000; 
1;15;5;8192;132,134,133,139,149,150,162,152,160,161,148,145,141,140,135,146,142,144,147,151,159,129,128,143,126,169,136,171,164,165,163,127,125,168,124,123,138,153,154,155,156,157,158,131,130,137,122,118,117,120,116,115,114,121,110,109,108,107,105,104,113,112,111,106,79,100,92,93,94,63,76,77,75,51,64,80,89,87,82,88,96,97,71,72,68,57,84,70,73,69,59,67,66,58,55,43,54,53,74,60,52,61,46,50,49,34,38,45,44,36,33,32,35,65,81,98,86,83,99,85,56,41,42,37,30,13,14,17,21,20,23,24,25,26,27,31,29,28,22,15,16,39,40,12,11,10,9,8,7,3,5,2,6,1,4,0,18,19,48,62,47,90,91,78,103,102,101,95,119,166,167,170,172,173,183,179,177,184,195,194,193,178,182,188,187,176,181,175,180,197,196,174,189,191,186,185,192,190,;22971.63913;1.750000; 
2;15;5;8192;188,176,175,181,182,180,174,173,172,184,178,193,177,179,183,187,190,189,197,196,194,195,185,191,192,186,170,145,149,135,140,141,148,151,147,159,157,156,155,154,153,158,161,143,132,129,130,131,134,160,152,139,124,168,123,138,115,114,121,120,103,104,91,78,79,90,102,101,92,94,100,93,80,75,77,49,62,47,48,34,38,33,32,50,46,51,63,76,61,64,88,74,89,87,81,82,73,97,98,86,53,71,66,69,83,60,65,52,44,35,43,55,67,68,85,99,70,84,41,42,56,57,58,59,72,54,36,29,28,27,20,23,24,30,31,45,26,25,18,19,16,15,13,14,40,39,12,11,10,9,8,7,3,4,2,5,1,6,0,17,22,21,37,95,96,105,106,110,109,108,107,116,117,118,119,122,137,133,128,126,169,125,127,136,142,146,150,162,163,164,165,171,144,111,112,113,166,167,;22874.01188;1.740000; 
3;15;5;8192;182,190,187,189,188,193,195,196,197,194,184,178,186,192,191,185,183,179,177,181,173,174,176,180,175,172,167,113,112,111,105,103,102,101,92,100,94,93,91,77,63,76,50,89,88,65,60,37,32,33,31,29,30,43,59,66,69,83,86,55,54,42,58,67,72,84,99,71,98,87,96,74,51,52,61,64,38,35,36,45,46,25,26,23,21,22,15,16,14,13,18,34,24,47,48,62,78,90,75,80,95,97,81,73,82,53,44,28,27,20,19,17,39,41,68,57,70,85,56,40,12,11,10,9,8,7,5,1,6,2,3,4,0,49,79,104,109,119,118,117,114,115,116,120,121,106,110,108,107,166,168,124,137,145,142,141,134,135,133,144,147,146,161,152,151,148,140,139,129,132,131,130,126,169,136,143,159,160,149,150,162,163,164,165,127,170,171,128,125,123,122,138,155,154,153,156,157,158,;23082.45335;1.760000; 
4;15;5;8192;170,127,169,144,146,145,149,148,161,160,143,152,147,130,129,132,134,133,140,141,142,139,135,128,150,131,168,124,125,126,136,162,165,164,163,151,158,157,156,155,154,153,138,122,119,118,117,114,115,116,121,120,110,111,105,112,101,90,78,91,92,93,100,95,94,76,77,48,47,49,38,24,23,20,25,28,27,29,32,33,61,80,75,63,51,46,50,52,44,53,60,73,74,89,64,96,88,81,87,97,98,86,82,66,71,83,84,57,56,41,42,37,30,36,35,31,45,26,18,17,16,15,39,54,67,58,43,55,68,70,85,99,69,59,65,72,0,2,5,6,1,3,4,10,9,8,7,12,11,40,13,14,22,21,19,34,62,79,103,102,113,104,106,109,108,107,166,167,123,137,159,171,172,173,178,193,180,182,184,177,183,179,174,190,187,189,188,181,175,176,196,194,195,197,186,185,192,191,;22630.16703;1.760000; 
5;15;5;8192;165,164,144,145,147,151,148,149,152,146,134,133,139,123,116,115,120,117,118,119,110,107,108,109,106,105,112,111,121,114,77,63,76,75,89,95,61,73,82,44,36,32,33,45,35,46,38,50,47,79,93,90,91,78,51,64,74,60,87,96,97,72,69,66,58,67,56,57,42,55,54,41,68,70,99,85,84,71,83,86,98,81,65,53,43,59,52,29,31,28,27,21,17,34,20,23,24,25,26,18,30,37,13,14,16,15,39,40,12,11,10,9,8,7,4,3,5,2,6,1,0,22,19,49,48,62,80,92,103,102,101,100,88,94,104,113,122,138,137,125,168,124,169,126,127,132,131,135,129,130,141,142,140,143,128,136,150,163,162,159,158,157,156,155,154,153,160,161,166,167,170,171,172,175,174,176,183,184,178,177,179,196,195,194,197,193,182,180,181,190,187,191,192,185,186,173,188,189,;22842.88662;1.740000; 
6;15;5;8192;177,179,178,186,195,196,197,194,193,184,183,192,191,185,190,189,188,180,174,176,182,181,175,172,173,187,170,127,135,140,130,132,141,142,139,133,131,129,126,169,125,124,138,158,137,152,147,148,161,151,159,160,146,145,144,150,149,143,136,128,134,168,123,122,114,115,116,120,92,101,100,94,75,77,76,63,79,91,90,93,88,96,87,86,83,67,66,69,59,54,71,60,55,57,56,41,68,12,11,8,7,9,10,14,13,16,15,39,40,42,44,37,30,29,32,33,34,62,49,47,48,38,46,50,45,53,52,61,74,64,80,95,89,73,72,58,43,84,85,99,98,97,65,82,81,51,35,27,31,28,22,21,17,18,19,20,24,26,25,23,36,0,5,6,1,2,3,4,70,78,102,103,104,111,112,113,110,109,107,108,118,117,119,121,105,106,166,167,153,154,155,156,157,162,165,164,163,171,;23106.41543;1.750000; 
7;15;5;8192;142,146,147,152,151,143,144,131,133,132,130,124,168,128,139,134,140,141,126,169,127,170,171,163,162,161,159,160,148,149,145,150,164,165,136,125,129,135,137,138,153,154,155,156,157,158,122,112,115,78,91,90,79,49,50,46,51,45,61,52,31,30,37,28,32,33,24,25,27,29,35,65,73,69,67,59,66,72,71,97,88,89,74,81,82,87,98,86,43,55,54,83,58,99,85,70,68,57,56,41,42,36,60,53,44,38,63,76,77,100,102,103,104,113,111,105,106,117,118,119,108,107,109,110,62,47,48,75,101,92,80,64,34,26,23,20,19,18,21,22,13,40,10,9,7,8,11,12,39,16,15,14,17,0,6,1,2,3,5,4,84,96,93,94,95,114,121,120,116,123,166,167,172,180,182,177,193,178,194,197,173,174,184,179,183,188,190,189,187,186,192,191,185,196,195,176,181,175,;23173.25007;1.750000; 
8;15;5;8192;165,164,144,142,145,151,147,148,152,160,129,140,139,131,133,126,132,134,135,143,149,136,150,171,128,130,125,122,121,114,102,78,90,91,79,75,76,94,93,92,101,100,51,34,46,63,77,48,47,49,38,33,25,24,26,23,20,21,22,27,29,28,31,36,54,59,41,83,72,66,86,97,82,67,68,99,84,71,69,60,65,73,81,89,88,96,87,74,80,95,64,61,45,52,50,32,30,37,58,98,55,57,56,85,70,43,35,53,44,42,13,14,15,16,18,19,17,39,40,12,11,10,9,8,7,5,1,2,4,3,6,0,62,103,104,113,111,112,105,106,109,119,118,117,115,120,116,123,124,168,169,127,170,163,162,161,159,146,141,158,157,156,155,154,153,138,137,107,108,110,166,167,172,188,181,182,180,187,176,177,174,175,173,193,178,195,194,196,197,179,183,184,191,192,185,186,190,189,;22746.20683;1.770000; 
9;15;5;8192;182,180,189,188,187,190,174,176,181,185,192,191,186,184,183,179,177,193,178,197,194,195,196,173,172,175,167,166,125,139,141,142,146,148,152,160,159,161,150,144,145,147,130,132,134,151,149,137,133,131,128,127,143,135,140,136,171,165,164,163,162,129,169,126,124,168,123,138,154,153,156,155,120,115,121,116,117,118,119,109,108,107,103,102,101,93,94,77,75,64,51,50,46,38,35,36,32,33,61,74,69,66,59,67,53,60,65,73,81,82,87,98,72,71,99,85,84,68,70,42,41,56,57,54,43,83,86,58,55,37,44,31,29,28,21,27,25,24,26,23,20,19,18,17,13,14,15,16,40,39,9,11,10,8,12,7,4,3,2,6,1,5,0,22,45,52,30,34,47,76,88,89,96,97,80,95,100,92,91,78,79,90,49,48,62,63,104,113,112,111,106,110,105,122,114,157,158,170,;22561.59268;1.770000; 
10;15;5;8192;190,189,188,187,182,176,180,175,184,178,193,183,179,177,172,173,181,174,194,197,196,195,185,186,192,191,170,171,144,143,128,131,134,140,142,139,168,124,130,132,141,133,125,129,148,145,161,160,152,146,147,151,135,136,126,169,127,150,149,162,159,137,157,156,155,154,153,116,113,104,111,112,105,106,109,108,107,78,101,100,93,92,80,95,94,81,88,89,82,69,55,42,41,57,56,54,84,71,72,66,83,86,98,70,85,99,58,67,61,52,35,44,32,31,30,43,45,33,28,22,16,15,21,26,46,49,77,63,75,79,90,76,64,51,50,48,47,62,34,38,27,29,36,53,60,65,87,97,96,74,73,59,68,37,13,14,39,40,10,9,8,11,12,7,5,2,3,4,6,1,0,17,18,19,20,24,25,23,91,103,102,121,114,115,120,122,119,117,118,123,138,158,110,166,167,163,164,165,;23178.45535;1.770000; 
11;15;5;8192;190,187,181,182,180,176,175,172,173,193,178,184,183,179,177,186,185,192,191,195,196,197,194,174,188,189,165,164,151,161,141,145,144,143,139,140,134,132,129,148,142,130,131,127,126,169,136,135,128,125,124,168,119,118,110,106,111,116,115,114,103,112,113,102,101,100,92,79,90,76,77,63,48,49,80,64,61,52,31,36,35,30,37,43,55,72,86,65,82,87,97,96,81,88,98,85,53,44,73,60,83,68,70,84,58,59,66,69,71,56,57,67,54,41,42,40,14,13,39,16,15,24,23,38,46,51,74,89,95,94,93,62,78,91,47,26,25,22,21,28,27,29,32,33,50,75,45,34,20,19,17,18,0,1,2,6,5,4,3,12,11,10,9,8,7,99,104,105,109,107,108,122,117,121,120,137,133,146,147,152,160,149,150,163,162,159,158,157,155,154,153,156,138,123,166,167,170,171,;22618.68712;1.780000; 
12;15;5;8192;172,173,195,186,185,191,192,193,178,179,183,180,182,176,174,177,184,194,197,196,181,188,189,190,187,127,128,126,169,168,124,125,131,132,129,130,140,142,133,135,139,141,148,145,146,152,161,151,137,122,117,115,110,109,108,111,105,112,113,104,103,101,92,78,79,91,90,75,63,77,76,80,88,97,86,71,72,69,58,67,59,54,43,55,42,44,53,60,35,36,29,31,52,61,74,81,73,82,83,98,84,85,99,65,66,87,96,89,95,51,50,46,45,49,47,48,62,93,94,100,102,64,38,32,27,33,26,25,23,20,21,19,24,34,30,37,13,22,17,18,14,16,15,40,39,68,70,57,56,41,0,4,3,2,5,6,1,11,10,9,8,7,12,28,106,116,121,107,118,119,123,120,114,138,158,157,156,155,154,153,147,136,134,149,144,143,159,160,162,164,165,163,150,171,170,166,167,175,;23351.69241;1.780000; 
13;15;5;8192;47,49,38,50,64,63,77,76,89,74,53,44,65,60,73,87,98,84,71,43,54,55,56,99,70,68,57,42,41,59,69,72,66,67,58,85,86,83,82,81,80,75,61,88,96,95,90,92,101,93,94,103,79,91,78,48,62,34,46,33,32,27,35,36,30,37,13,14,39,31,45,51,52,29,26,25,24,23,20,19,18,17,21,22,28,0,3,4,2,5,6,1,9,10,11,12,8,7,40,15,16,97,100,102,111,114,122,120,121,116,104,112,108,109,110,106,113,105,119,118,117,123,133,129,135,134,132,130,131,139,159,160,161,151,146,141,142,145,148,143,144,140,152,147,149,162,136,150,164,165,163,170,171,128,126,169,127,125,168,124,137,157,156,155,154,153,158,138,115,107,166,167,172,175,180,176,183,179,177,184,186,192,191,185,187,188,190,181,182,193,178,194,197,196,195,174,173,189,;23354.42515;1.780000; 
14;15;5;8192;177,178,193,175,172,173,174,196,194,195,197,176,179,183,184,185,186,192,191,190,181,188,182,180,187,189,170,129,132,128,143,134,152,147,151,144,145,141,140,135,130,131,133,139,146,137,123,126,169,125,142,161,148,149,171,165,164,163,162,150,136,127,124,168,122,120,115,112,105,113,79,91,92,76,75,49,48,47,61,52,35,27,29,20,25,24,26,38,46,50,44,59,54,55,72,71,66,67,82,73,60,64,65,74,81,88,96,97,69,83,86,98,84,53,36,42,58,41,56,57,68,70,99,87,94,93,101,100,80,95,89,45,33,51,30,31,43,37,28,21,23,18,19,17,16,15,14,13,39,40,85,12,11,9,8,7,10,4,3,2,1,6,5,0,22,32,34,77,63,78,90,62,104,103,102,121,114,116,106,111,110,109,108,107,166,118,119,117,138,153,154,155,157,156,158,159,160,167,;23172.51699;1.770000; 
15;15;5;8192;188,187,189,180,182,177,191,192,185,186,183,193,184,176,173,174,172,175,178,179,195,194,196,197,181,190,171,136,143,134,140,159,144,145,142,146,141,139,133,131,132,130,129,128,135,148,160,152,161,149,162,163,164,165,150,151,147,158,157,156,155,153,154,138,120,116,114,115,112,102,103,113,105,91,79,90,48,62,49,63,76,77,75,95,101,92,93,100,94,87,82,73,81,88,89,98,99,67,66,59,55,42,43,37,60,53,44,69,72,83,54,56,41,70,12,11,10,68,57,71,58,85,84,86,96,97,64,80,74,65,61,52,51,46,38,50,33,35,36,32,31,24,23,45,25,26,28,27,22,21,47,34,30,29,20,19,13,14,16,15,40,39,9,8,7,4,3,2,6,5,1,0,17,18,78,104,121,111,106,110,109,119,118,117,137,123,168,125,126,169,127,170,124,122,107,108,166,167,;23171.68237;1.770000; 
16;15;5;8192;140,139,146,147,152,160,151,148,162,136,126,169,168,125,131,130,141,142,145,144,149,143,133,134,132,129,128,127,170,171,163,164,165,159,137,123,135,124,119,122,117,116,120,121,114,115,112,111,105,106,110,109,107,108,104,113,103,102,100,101,91,78,79,93,92,94,95,96,88,80,89,51,38,32,29,27,24,45,46,49,50,47,48,90,62,77,75,64,76,63,34,44,53,60,61,52,36,30,28,31,37,42,59,70,68,55,67,69,66,54,58,41,71,97,82,73,86,72,87,65,81,74,83,98,99,85,84,43,35,33,26,23,21,22,13,14,16,15,39,40,56,57,12,11,10,8,7,9,4,3,2,6,5,1,0,17,18,19,20,25,118,138,156,157,153,154,155,158,161,150,166,167,172,173,174,176,180,182,187,186,177,179,183,184,193,178,189,190,188,181,191,192,185,194,197,196,195,175,;22932.14820;1.780000; 
17;15;5;8192;172,173,175,176,193,197,196,195,194,178,177,184,183,179,181,188,187,190,189,182,180,174,186,191,192,185,170,165,164,148,152,151,129,169,126,135,128,141,146,147,137,124,168,125,127,134,133,142,145,143,144,139,131,130,149,162,163,150,161,160,159,156,155,157,154,153,158,138,123,119,122,120,113,104,110,103,102,100,95,94,75,76,77,63,49,50,47,48,62,90,91,78,79,92,101,93,51,88,89,96,97,87,82,69,66,58,56,98,84,99,68,57,70,85,86,67,59,54,43,60,65,71,83,72,73,81,74,52,30,31,36,44,53,45,32,28,27,33,34,38,46,64,80,61,35,29,25,26,24,23,21,20,13,15,16,14,41,42,55,37,0,1,6,3,4,5,2,11,10,9,8,7,12,40,39,22,18,17,19,105,111,112,117,118,115,121,116,114,107,108,109,106,166,167,132,140,136,171,;23053.06444;1.770000; 
18;15;5;8192;115,114,116,123,124,129,132,131,130,125,168,169,126,128,134,140,142,144,143,145,162,150,141,146,148,149,161,151,160,159,152,147,139,133,137,122,118,110,109,108,107,105,106,113,103,102,112,104,91,63,76,77,46,38,27,28,31,32,29,44,74,82,81,87,59,72,69,66,67,54,55,58,83,86,98,65,52,73,51,64,61,35,36,30,37,43,53,60,89,88,95,96,97,94,101,92,79,90,78,75,50,47,49,62,48,34,33,45,25,26,20,24,23,22,13,56,42,71,85,84,68,70,41,99,57,40,39,14,15,16,17,18,19,21,0,3,4,2,5,1,6,7,8,9,10,11,12,80,100,93,111,117,119,120,121,138,154,155,156,153,157,158,135,127,170,171,164,165,163,136,166,167,172,173,174,175,181,182,180,176,179,177,184,183,193,178,196,195,194,188,187,189,190,192,191,186,185,197,;23272.07336;1.770000; 
19;15;5;8192;130,133,134,135,129,131,132,128,169,127,125,168,124,137,142,147,146,141,144,159,152,148,145,149,151,161,160,155,156,154,153,157,158,122,115,114,121,92,93,64,38,46,48,47,49,75,80,73,88,89,96,97,87,83,69,72,66,58,59,54,42,57,68,70,43,30,36,45,51,44,52,31,29,26,25,24,19,18,17,16,15,14,13,21,33,32,35,22,20,23,34,50,74,81,82,55,67,71,99,85,84,86,98,53,65,60,61,37,41,56,40,39,12,11,8,9,10,7,2,4,3,1,6,5,0,28,27,62,103,102,90,79,78,91,104,113,112,111,105,106,110,109,108,107,123,117,119,118,116,101,100,95,77,76,63,94,120,138,139,140,126,143,150,162,163,165,164,136,171,170,166,167,172,179,183,175,176,182,180,178,177,197,196,195,194,173,174,181,188,189,190,187,186,191,192,185,184,193,;23138.82479;1.780000; 
20;15;5;8192;18,17,13,16,15,22,27,32,33,31,30,36,37,72,83,66,82,97,96,88,81,74,73,98,86,99,84,85,58,55,43,70,68,65,53,44,35,45,29,28,21,23,25,38,34,50,52,61,64,51,46,49,62,78,79,90,102,103,101,92,100,63,77,80,95,94,93,76,75,47,48,26,20,24,19,14,39,41,57,87,71,67,60,69,59,54,42,56,40,12,11,10,9,8,7,6,5,2,3,4,1,0,89,91,113,104,112,111,105,108,107,109,110,106,121,114,120,115,116,117,119,118,122,132,131,130,129,126,169,127,128,135,133,147,137,140,142,145,148,161,152,160,151,159,149,134,139,146,141,143,144,162,150,136,171,163,164,165,170,124,168,125,123,138,154,153,155,157,156,158,166,167,172,175,174,173,197,196,195,194,178,193,179,183,177,182,180,176,181,190,189,187,184,192,191,186,185,188,;23167.08062;1.780000; 
21;15;5;8192;155,156,153,154,157,158,147,141,139,133,128,126,169,132,146,148,151,160,152,145,149,161,159,137,131,129,125,130,134,135,142,144,143,150,163,162,136,140,127,124,168,123,119,118,114,116,120,115,111,106,112,101,103,102,104,113,90,79,50,63,76,77,49,47,48,62,78,91,92,100,89,97,82,73,65,60,59,53,44,33,36,30,31,35,52,45,38,46,51,61,54,55,42,57,70,68,67,66,83,58,69,72,71,43,41,40,14,13,22,21,23,24,25,26,27,29,32,20,34,64,75,94,93,88,87,98,86,84,85,99,56,37,28,18,19,17,16,15,39,12,11,10,9,8,7,6,2,5,4,3,1,0,74,81,80,95,96,105,117,121,122,138,107,108,110,109,166,167,170,171,164,165,172,173,176,178,193,179,183,184,186,191,192,185,196,197,194,195,174,181,175,177,182,180,187,190,189,188,;22870.58977;1.770000; 
22;15;5;8192;181,177,183,179,193,178,184,174,180,172,195,194,197,196,186,185,192,191,182,176,173,175,189,187,188,190,171,142,140,133,134,132,131,129,130,168,125,124,126,169,127,146,148,141,139,143,144,149,160,151,162,163,164,165,150,135,136,152,159,157,154,153,137,123,108,110,109,111,112,103,102,101,93,92,90,77,63,76,75,80,81,82,73,65,60,53,44,61,45,49,94,95,100,91,79,78,64,52,38,33,32,36,37,35,27,26,29,31,30,43,54,59,72,71,85,99,70,83,69,55,58,66,67,86,57,68,84,98,96,97,87,88,89,74,51,50,46,34,24,25,23,20,21,17,28,22,14,16,15,13,39,40,41,42,56,12,11,9,10,8,7,3,4,2,5,1,6,0,18,19,47,48,62,113,114,115,121,119,118,117,120,116,122,106,105,104,107,166,167,128,145,147,161,158,155,156,138,170,;22716.54385;1.760000; 
23;15;5;8192;181,190,184,178,193,183,179,177,176,180,182,188,175,174,173,172,194,195,196,197,185,192,191,186,187,189,170,134,133,139,151,152,160,159,137,157,156,155,154,153,158,146,145,142,140,144,148,141,132,130,129,131,135,147,161,150,143,163,149,162,165,127,169,126,128,125,124,168,118,119,110,109,108,107,166,167,117,114,115,116,120,106,105,111,113,104,103,112,102,100,93,94,77,48,47,49,45,52,61,74,65,73,81,96,89,95,80,75,64,46,38,27,29,36,35,32,33,44,53,60,69,83,98,86,59,54,55,42,72,67,66,58,71,99,97,82,87,88,51,50,62,78,63,76,92,101,90,91,79,34,28,30,31,43,84,70,85,68,57,41,56,40,10,11,12,39,13,15,16,17,22,21,23,19,18,14,37,0,1,6,2,4,5,3,7,8,9,20,24,26,25,121,122,138,123,136,171,164,;23162.82051;1.780000; 
24;15;5;8192;189,190,187,183,182,180,175,172,179,177,193,178,184,176,174,173,197,194,185,186,192,191,196,195,188,181,127,140,134,132,141,133,139,147,160,152,161,151,144,149,146,148,142,145,136,129,130,168,124,128,131,135,125,118,119,137,123,107,110,108,109,111,106,105,112,113,104,102,103,91,93,100,101,94,87,64,51,45,33,32,35,36,28,31,30,53,65,54,55,67,71,97,96,74,81,73,82,61,52,50,46,38,49,77,63,76,48,47,34,62,79,78,90,75,80,89,88,95,60,43,66,70,68,85,84,83,72,69,86,98,59,58,99,41,42,56,57,37,44,29,27,26,25,24,23,21,22,14,13,16,15,19,18,17,39,40,10,11,12,7,8,9,4,3,2,6,1,5,0,20,92,114,115,120,116,122,117,121,138,154,153,156,157,155,158,159,162,163,143,150,165,164,171,170,169,126,166,167,;22926.73894;1.780000; 
25;15;5;8192;192,186,184,193,178,195,196,185,194,197,172,173,174,175,180,182,188,190,187,183,179,177,176,189,181,127,128,133,139,146,126,129,134,140,145,144,141,148,147,142,149,151,160,161,158,157,156,155,153,154,138,122,117,105,91,78,62,102,103,92,51,45,61,52,53,60,43,42,73,65,82,96,97,87,81,74,66,59,58,55,71,84,70,68,57,56,41,54,36,31,35,34,50,63,100,94,80,93,75,77,76,90,101,95,88,64,46,38,49,48,47,24,26,23,25,33,30,37,32,29,28,27,21,22,20,19,18,17,15,16,14,13,39,40,67,69,72,83,99,85,98,86,89,0,5,2,4,3,1,6,7,8,9,10,11,12,44,79,112,113,104,116,115,114,120,121,137,159,152,162,150,136,170,171,125,168,124,130,131,132,169,123,119,118,106,111,110,109,108,107,166,167,135,143,163,165,164,191,;23050.80726;1.780000; 
26;15;5;8192;126,135,169,125,129,131,134,128,124,168,127,132,140,142,159,146,147,149,160,152,151,148,145,139,141,161,133,143,150,162,163,164,165,171,170,136,144,130,137,158,154,155,156,157,153,138,117,118,119,105,111,112,113,104,103,102,77,76,90,91,79,78,63,50,51,89,88,82,81,72,66,69,54,55,59,67,71,58,37,52,33,32,60,44,53,36,35,30,38,28,29,46,80,49,61,73,96,86,98,65,87,97,99,85,84,70,68,42,56,41,57,43,83,74,75,64,94,95,93,92,100,101,62,48,47,34,45,31,24,20,23,26,25,27,21,17,18,22,13,14,39,16,15,40,12,11,10,9,8,7,3,5,2,1,6,4,0,19,106,110,109,108,107,120,121,122,116,114,115,123,166,167,172,173,174,176,182,180,184,179,183,177,178,193,195,196,197,194,185,192,186,191,188,181,175,187,190,189,;22845.56764;1.780000; 
27;15;5;8192;170,127,131,134,132,145,147,142,141,146,143,149,161,151,125,124,168,128,129,130,135,140,139,133,169,126,171,162,164,165,163,150,148,144,152,160,159,158,157,156,155,154,153,138,120,122,117,118,119,137,123,109,110,108,112,111,113,105,104,103,79,78,50,38,34,21,25,26,33,35,36,30,29,28,27,46,51,45,52,53,73,65,60,44,58,55,41,42,69,72,71,66,70,68,57,56,67,59,54,43,84,85,86,98,87,96,82,88,81,74,83,99,97,64,76,75,93,92,100,101,94,95,80,77,63,89,61,37,31,32,24,20,23,18,17,19,13,14,16,15,39,40,10,9,8,11,12,7,6,1,5,2,3,4,0,22,47,49,62,48,91,90,102,106,107,166,167,116,115,114,121,136,172,175,188,187,179,177,183,184,178,197,194,196,195,192,191,186,185,190,193,174,173,180,182,181,189,176,;23086.88387;1.790000; 
28;15;5;8192;114,116,120,115,109,110,105,112,113,119,118,117,106,111,107,108,91,104,78,79,90,92,101,93,100,94,95,64,80,50,76,77,63,75,51,46,32,31,36,26,23,25,33,60,66,55,42,41,56,57,68,70,99,72,86,83,98,87,97,89,88,65,73,71,67,59,53,58,85,84,96,82,69,54,43,37,30,35,29,28,27,45,52,81,74,61,44,38,49,47,48,62,34,20,24,21,22,13,14,16,15,17,39,40,12,11,10,8,9,7,3,4,2,5,1,6,0,18,19,102,103,121,122,131,130,129,140,141,142,148,144,146,139,133,134,132,136,143,135,160,152,161,151,145,149,126,169,125,124,168,123,138,155,154,153,156,157,158,159,147,162,163,165,164,171,127,170,128,150,137,166,167,172,180,182,176,179,177,178,184,193,183,187,190,188,181,175,173,174,194,197,196,195,192,185,191,186,189,;22812.76390;1.780000; 
29;15;5;8192;171,146,135,136,132,134,139,137,140,161,151,160,149,144,143,147,159,145,148,142,141,133,131,130,168,124,125,127,126,169,123,138,122,117,118,119,110,105,108,109,113,112,103,115,106,111,116,120,121,114,101,92,79,78,90,91,63,77,76,51,49,34,31,35,36,30,25,52,61,65,73,45,33,26,27,32,29,28,22,21,17,23,20,18,15,16,40,41,42,55,56,57,84,99,85,70,68,67,58,69,66,59,54,72,71,83,86,98,81,82,87,97,96,88,89,80,93,100,94,62,48,47,50,74,95,64,53,60,44,37,43,0,1,6,5,2,3,4,10,9,8,11,12,7,39,14,13,19,24,46,38,75,102,104,107,166,167,170,162,150,129,128,152,158,156,155,153,154,157,163,164,165,172,175,180,176,177,183,179,178,193,196,197,194,186,184,191,192,185,195,174,173,182,181,188,190,187,189,;23116.82896;1.780000; 
30;15;5;8192;152,160,159,142,140,135,132,129,125,127,170,169,126,128,141,146,137,133,139,134,150,163,162,164,165,171,136,145,148,151,161,144,149,143,130,124,138,122,120,121,114,115,107,108,109,110,106,105,112,111,91,90,79,76,80,92,94,93,100,102,103,113,104,48,47,50,52,35,27,25,23,21,20,24,26,29,31,37,36,30,54,43,44,53,60,65,64,74,75,51,45,46,38,34,49,63,77,78,62,33,32,28,22,17,18,19,16,15,13,14,41,56,68,40,55,42,84,67,72,83,98,86,71,59,73,82,96,97,87,81,88,89,95,61,69,66,85,99,70,57,58,0,5,4,3,2,1,6,39,12,11,10,8,7,9,101,116,117,118,119,123,168,131,147,158,157,156,155,154,153,166,167,172,173,175,174,176,183,184,194,179,177,186,192,185,191,178,193,180,182,197,196,195,190,189,188,187,181,;23221.55397;1.770000; 